-4.395511403011185259e+00,1.745430048539798662e+00,-3.692282959315685620e+00
-4.205593194081986397e+00,2.116103696114550292e+00,-3.390266047188984277e+00
-3.273146714215595221e+00,3.257774364616032869e+00,-2.470765783935680027e+00
-2.862940890850485864e+00,3.541795535251949456e+00,-2.394155880118228996e+00
-3.210904276712998051e+00,3.986580014313751974e+00,-2.558373718805759367e+00
-3.527355063553559322e+00,3.719617477797819038e+00,-1.677208361017741511e+00
-3.284527365514931851e+00,3.247141044559005874e+00,-1.926688081839706523e+00
-3.361332652921534159e+00,2.726273435287123181e+00,-2.572271332211293338e+00
-1.911943750299678557e+00,3.435356859990192913e+00,-3.386703170133964047e+00
-1.211368491052152940e+00,3.701502981006073334e+00,-3.518508783101949255e+00
-6.151264178728418353e-01,3.751135319981652394e+00,-3.822798664140628855e+00
-6.297531761642407577e-01,3.451847988153837754e+00,-3.108361232367892413e+00
-2.135512019060657796e+00,2.617575493504657125e+00,-2.842657126849724492e+00
-1.606157284864393020e+00,3.301311860634189799e+00,-2.949989030590160599e+00
-1.466003983865658666e+00,2.949592736387735670e+00,-3.025954417813868869e+00
-2.548397955558633132e+00,2.906456969237773080e+00,-2.809153598105202487e+00
-3.291533651717912790e+00,2.282330779710856294e+00,-1.852843581279348228e+00
-3.866440324893078095e+00,1.541699029125297660e+00,-3.005295650012568487e+00
-4.545409668277937243e+00,8.709664625207046429e-01,-3.301468031006745463e+00
-4.068811092619767145e+00,2.296242448763860244e-01,-3.435490832206117062e+00
-3.918673019921961931e+00,1.603774080773013422e+00,-2.837225639931826748e+00
-3.941121496094208698e+00,2.064312292419247186e+00,-2.210827651953835460e+00
-3.769708533224685354e+00,3.126482096098689212e+00,-2.028562476854203656e+00
-3.544412309461506538e+00,3.889848106665942939e+00,-1.639495930420445280e+00
-2.345422021263614987e+00,3.669433636475114113e+00,-9.171216247678993794e-01
-2.109566575959708867e+00,3.807001709454732374e+00,-9.562043264264512565e-01
-1.769691561545357450e+00,2.698749810068811872e+00,-1.045855900572244535e+00
-2.509528744708649839e+00,1.912652116393414703e+00,-5.758374278508187477e-02
-2.397318138803622656e+00,2.113621271705835358e+00,5.051769064924499508e-01
-1.807610943696397188e+00,1.618293517855317276e+00,8.575541524895888834e-01
-2.259053613737810995e+00,1.484274914480546270e+00,7.937135384796717430e-01
-2.888049423153943085e+00,1.452549272061068431e+00,1.247529575716908479e+00
-2.241338916529183933e+00,1.664713801220930378e+00,7.400891257539338186e-01
-3.096784705272521698e+00,2.033512937759484718e+00,-1.497835421191738847e-01
-3.229457745369493260e+00,4.690968007371073001e-01,-4.255044920479228998e-01
-3.577356370696130217e+00,-4.891016630000828980e-01,-6.884502505644174430e-01
-3.084406389800203652e+00,-1.202865426165975249e+00,-6.779547435786117959e-02
-3.440495107359269777e+00,-3.609110915758284022e-01,8.587887956588065308e-02
-3.939408828205268609e+00,6.642813431122011059e-01,-1.419464312136594630e-01
-3.586747993505107868e+00,-1.747396482137869578e-02,-2.539332748658325034e-01
-3.059687785491191470e+00,1.353085243587003883e-01,-3.564568525347752148e-01
-3.121799898942724472e+00,-2.748742507421193804e-02,-5.753533284244953805e-01
-2.955849158451269609e+00,-8.170348224963409622e-01,-1.358209959507146625e+00
-3.373531916581729018e+00,-9.240404043232761655e-01,-1.318404660050048305e+00
-4.072909763222312129e+00,6.458459251725108367e-03,-1.220776640801045643e+00
-4.541316523759992840e+00,5.580546739675199541e-01,-1.207318663713972118e+00
-4.857286146562379336e+00,1.679872826130640595e+00,-2.012747967885683664e+00
-4.765734764091050124e+00,1.520072394103211932e+00,-1.803634136079778960e+00
-3.658744041435094463e+00,1.944089947768949278e+00,-1.580405791193990828e+00
-3.787117071409597191e+00,1.121441869898482047e+00,-2.073277105572887358e+00
-3.031620050788173870e+00,7.476188009450717153e-01,-2.183151652694422573e+00
-3.130678614446820163e+00,8.356310051808734096e-01,-2.897572120987698341e+00
-3.524821700755958798e+00,-3.873703862742903237e-01,-2.384306846241425415e+00
-2.993587720149259557e+00,5.725383356697597015e-02,-1.597799626024832387e+00
-3.300857759395407598e+00,1.333539128610520819e-01,-2.070542444341215482e+00
-3.119411456512998448e+00,8.440460910343533518e-01,-2.016873530313847418e+00
-3.978178783314939349e+00,1.366820407427785433e+00,-2.296058087440247419e+00
-4.469698072068998940e+00,5.471432771742577028e-01,-2.561115485431237460e+00
-4.093693145074222883e+00,7.789726808245541756e-01,-2.479429294500533842e+00
-3.503572763846460436e+00,2.032728788957534505e+00,-2.935868154529538199e+00
-2.975478615482334277e+00,2.018780534655805869e+00,-3.357189586187076191e+00
-2.473810340936676067e+00,1.679461075955116067e+00,-3.497317769654029185e+00
-3.179475078001253063e+00,1.675806310932851151e+00,-2.761005009299501101e+00
-2.288783936548495213e+00,2.463304170912984592e+00,-3.159304267374865915e+00
-2.814690963544873803e+00,1.913841094374476581e+00,-2.359940576220791453e+00
-3.271335346095545660e+00,2.497285522835058114e+00,-2.522617616650052685e+00
-3.502575536480762253e+00,2.354350626845328698e+00,-3.011480497391476607e+00
-3.664674623054330560e+00,1.325796076759471642e+00,-3.902930140705392237e+00
-3.290970068063301390e+00,2.494593678987144347e+00,-3.849168746850017087e+00
-2.543985505792105695e+00,1.353605472098469154e+00,-3.809141429160593617e+00
-2.880071387551506490e+00,1.119365215004006986e+00,-3.202778295576843348e+00
-2.675552370217699760e+00,8.021512925633751401e-01,-2.872810564295305014e+00
-2.553516905997510023e+00,2.501411818960310729e-01,-2.448283425738628338e+00
-3.557186387949670348e+00,8.550405207449688350e-01,-2.307166531928896092e+00
-4.146336134957381070e+00,4.637295027709590345e-01,-2.374489240583005589e+00
-4.469703624605308789e+00,1.073882530308611249e+00,-2.874794190322567111e+00
-4.232045858935448379e+00,5.374711195877529546e-01,-3.004603470207492411e+00
-4.147783039344221656e+00,8.519631840335888384e-01,-2.909342853058799250e+00
-4.402801268912668320e+00,1.205009435771719595e+00,-2.645616011756414476e+00
-3.400629026631225127e+00,2.406670991770299972e-01,-2.500034736766160393e+00
-3.371948886456666017e+00,5.342849913946084994e-01,-3.356932937187747434e+00
-3.157667663417167869e+00,5.781040875063239159e-01,-2.750354642254574156e+00
-2.939349245850337855e+00,1.388779936858589581e+00,-2.659432925139459059e+00
-3.892486667166869196e+00,2.356645181423278945e+00,-3.706000133806524932e+00
-4.182281630661174532e+00,2.249740516093579945e+00,-3.219921704804534546e+00
-4.244413428110358488e+00,3.063473828301450208e+00,-2.932589769229328347e+00
5.403002392501403683e+00,-9.477154635447573860e-02,2.607409346578649423e+00
5.174517921849940194e+00,-8.266064778058712648e-01,2.632050310022830963e+00
4.587601528486447755e+00,-7.143642327621650967e-01,2.707589610355657594e+00
3.636889004697585470e+00,-8.771562262596251935e-01,2.858211175839664442e+00
2.051060070190470874e+00,8.518130359251316341e-02,2.974069643535760754e+00
1.765801272120766319e+00,5.427138178126534873e-01,3.992362304948954943e+00
1.451768760308121742e+00,8.683764113082633740e-01,2.982215206488086690e+00
1.438592159599251241e+00,1.069059260904579922e+00,3.020691886427448125e+00
5.925051850588330948e-01,6.082972217573479057e-03,2.484888888498611337e+00
-2.631377607949046959e-01,6.414606865556534698e-01,2.131477075446083447e+00
-3.594169621777828505e-01,1.558440495795621050e+00,1.750677571790755893e+00
-9.860556020350734752e-01,6.547935167529307376e-01,1.493039353554913795e+00
-7.256461676949138573e-01,1.760193784834665598e+00,1.542585429761974325e+00
-5.337279993767486408e-01,1.898790238915381234e+00,1.060721963513189703e+00
-1.011562675105100118e+00,2.325640930706604603e+00,1.438435166196099235e+00
-9.456575186691824619e-01,2.726308814440592254e+00,1.294660988882425201e+00
-1.022668855632211216e+00,2.478374383213887810e+00,4.285256252143161415e-01
-1.492730144832044470e+00,1.644227044278782524e+00,3.395364012578203083e-01
-1.050189121725513042e+00,1.751996327444969248e+00,-3.026786389262249299e-01
-6.025237697255371172e-01,2.094730063638532869e+00,6.049116224540846964e-01
-5.772960154940308675e-01,2.530998016774578474e+00,1.272972007109471670e+00
-9.658514518420233674e-01,2.716805530719800021e+00,1.368892668079690234e+00
-8.350824538520605911e-01,2.449766100416261416e+00,1.482010407940301144e+00
-6.535771509047269001e-01,2.718443422136190168e+00,1.750251784833508406e+00
-8.011367816662742225e-01,2.925232255449617291e+00,1.554302985996797171e+00
-7.617392141068459743e-01,3.383918669934491419e+00,1.413263487661619022e+00
3.289386309543205211e-01,3.466468304916292098e+00,9.556710937272701045e-01
8.231134511678096510e-01,3.493796364401488219e+00,-2.664687581058894361e-02
4.951004818729465295e-02,3.542476386487653173e+00,-4.870266631267504698e-01
-3.896679270660780015e-01,2.654220830698792000e+00,-3.633829550443028883e-02
-4.547384058323145628e-01,3.094041954641775671e+00,-7.572856417197453283e-01
-3.553972074537010695e-01,1.622909055469680562e+00,-1.400969666259662239e+00
-5.863090996582939196e-01,8.422534738570270907e-01,-9.382366663364554160e-01
-8.032755196705799738e-01,2.483400436125593469e+00,-4.389184153819187251e-01
-1.815086184320030993e+00,1.976000870474996729e+00,-2.306643343296905513e-01
-1.821361004946187911e+00,1.469962296885338970e+00,7.354966700017273595e-01
-9.861628537259768956e-01,8.316141955871927394e-01,6.341041382955309169e-01
-8.191388452655324892e-01,1.646767296783774093e+00,1.148679995574094503e+00
-2.163702983940751223e-01,6.199708313798237835e-01,2.089426056442932556e+00
-1.374904063004378729e+00,-1.292256612462978071e-01,1.640034107900897320e+00
-1.962197296378220823e+00,1.035314076779615122e-01,1.919106567378937145e+00
-8.578818283232139130e-01,-1.757067533574758478e-01,1.214055778842941802e+00
-1.122226268813945271e+00,-1.147316272542180937e-01,1.688022210912404120e+00
-4.538647555103991760e-01,-1.998826712067470340e-02,7.409894526354307009e-01
-3.922069585255735791e-01,6.923017802219927352e-01,5.744100729398903260e-01
-3.674408942779443521e-01,7.460298715348041565e-01,4.735924562624576617e-01
-1.031844204456045855e+00,-3.125036893654879466e-01,1.702164801647443326e-02
-1.355197083979985173e+00,-1.452397207496208265e-01,4.030901421761712289e-01
-1.357205707477419088e+00,-3.245086773970895511e-01,-2.286387293456655367e-01
-1.692117972044654639e+00,2.053650429126365196e-01,-6.659260643959760140e-01
-2.275514097603815067e+00,-8.378289374584448057e-02,-1.175165373525693724e+00
-2.176517118289139407e+00,1.247006838769251447e+00,-9.987189849003200726e-01
-1.627830945002486596e+00,1.188182997108967687e+00,-8.973475225957214807e-01
-2.109219990032165093e+00,1.554256280611415963e+00,-1.471492402742559102e+00
-2.630005499898222077e+00,1.754473896064512761e+00,-1.262285311674344879e+00
-3.850246926970053885e+00,1.855086930218861729e+00,-8.138466468875100723e-01
-3.331242781098490369e+00,2.529608548689926018e+00,-1.054392834526320044e+00
-3.693099668060076279e+00,2.962409987718729987e+00,-1.007404944329333585e+00
-4.022106973035683097e+00,2.753303096898049862e+00,-6.936578302313423094e-01
-4.752316574486640910e+00,3.216937953008920381e+00,-1.262886528629648231e+00
-3.943449555717509991e+00,3.197929006827041842e+00,-1.854932213193127399e+00
-3.045909580811339890e+00,3.227047646804984016e+00,-1.167886173926554472e+00
-3.662348467487707371e+00,1.984245985849692806e+00,-1.785567236476010677e+00
-2.761259263568550892e+00,3.471565391099683762e+00,-1.310191674788624194e+00
-3.709476732529551235e+00,3.690457221041730129e+00,-1.106067306880317735e+00
-3.291990460989959288e+00,4.341415838691894180e+00,-1.303634594259917012e+00
-3.336510803427910954e+00,3.824267588357341818e+00,-1.567945567663594275e+00
-3.414809346225475384e+00,4.355166821006943856e+00,-8.016479286472876220e-01
-3.537173258587165581e+00,4.189146415409902069e+00,-7.240486898622848777e-01
-3.891727091895648361e+00,3.431087398000441713e+00,5.561210211675731152e-01
-3.739707335117162579e+00,2.967740662168715904e+00,8.447661743133055845e-01
-3.968100640707472593e+00,2.805931506028465083e+00,1.441025784528114695e+00
-3.651453574582801842e+00,2.869421476134304427e+00,9.811971392884279997e-01
-3.698845495141330098e+00,3.322147479849892893e+00,1.930468513711125933e+00
-4.069714261681183665e+00,3.504997661862335523e+00,1.386196762146407968e+00
-4.096207419526273874e+00,3.550004892367198295e+00,1.502972461400834847e+00
-4.335056597384165933e+00,2.729651954969997796e+00,1.639544485264708529e+00
-4.053141624445863123e+00,3.940611402886154302e+00,2.187672212872198596e+00
-4.108682281627946686e+00,3.067118961257644827e+00,2.601165770346515416e+00
-3.475342937313195435e+00,2.580490553637242002e+00,2.700030672040889090e+00
-3.581456978967264781e+00,2.865690021349485583e+00,2.581719208278218769e+00
-4.604041055312836583e+00,2.534090035492840620e+00,2.361288376460120020e+00
-4.805736128315936995e+00,2.743936579945255971e+00,2.661352466356503133e+00
-4.256696134199199122e+00,1.823122256864769142e+00,3.138650412512326682e+00
-4.145362401035004751e+00,2.426139526171663174e+00,2.527526729280511475e+00
-4.589212414315358757e+00,2.746562581762228561e+00,2.719471161964655881e+00
-3.979108025841484153e+00,3.958279722197342032e+00,2.121018849403564666e+00
-2.547093204638072539e+00,3.981540138501469706e+00,2.285097994259303267e+00
-2.351885378068495847e+00,4.296079997039393916e+00,1.615872802628562033e+00
-1.916373726981375869e+00,4.195430388190520610e+00,1.384368656737116954e+00
-2.059537816772001761e+00,4.175883933817086557e+00,1.388576992796116238e+00
-2.778976322071976757e+00,4.807279091139969651e+00,1.351464089785678668e+00
-1.751155344606743158e+00,4.511516363459672441e+00,1.714008689438720090e+00
-6.125795824043503979e-01,5.370121171220090694e+00,1.527493742421392131e+00
-8.494188030324010263e-01,4.831060606885064779e+00,1.193481017686425227e+00
-9.850196640177055762e-01,4.695093185108382805e+00,8.300437258904594939e-01
-7.386162356272001350e-01,4.441129013244208501e+00,-3.182432433583176623e-02
-1.580792221651963425e+00,4.202272096457883244e+00,-3.866950541560613130e-01
-1.067261374693114773e+00,3.479705307636002498e+00,2.004610771020613469e-01
-1.811139313591168420e+00,4.052347515002075795e+00,5.232692859477734437e-01
-2.736994167505495845e+00,4.185405278541630913e+00,1.354400772779996043e+00
-1.597579168980712172e+00,4.232517339371821841e+00,2.064466336791610068e+00
-2.868897246883531427e+00,4.389142633135938887e+00,1.644158812919212398e+00
-2.308564225493081601e+00,4.001509389526979099e+00,2.319986181914419188e+00
-3.036840785304117496e+00,3.495273245775256221e+00,2.342399707331694891e+00
-3.336789454384545106e+00,3.911923514444300309e+00,1.967474918982754950e+00
-2.735983149910750978e+00,3.702467266297666981e+00,1.118627934135683288e+00
-2.323594917684603356e+00,3.233300449078865491e+00,6.460807026704115108e-01
-2.736587785224956715e+00,3.073075163688113509e+00,-7.946033957708678597e-02
-2.673958340588488358e+00,3.130607474507361765e+00,-9.096212267812554542e-01
-3.006982598983375166e+00,3.331558722462092170e+00,-1.218353335905919765e+00
-2.813480195249792093e+00,2.904250505256241954e+00,-1.415408310461971908e+00
-2.355014387468647108e+00,3.157781393528538150e+00,-2.311808547680273662e+00
-1.853455110099228031e+00,2.789958803229101836e+00,-1.782689090312756131e+00
-1.308965004412459665e+00,2.053378562361818371e+00,-1.852509991138122425e+00
-1.883047364247995903e+00,2.945419946366131914e+00,-2.106915089402162433e+00
-2.200012247492920014e+00,2.457880195273810298e+00,-9.216133991651223045e-01
-1.859217894192279452e+00,2.500548027161008768e+00,-1.375283123516855666e+00
-2.297915996571186170e+00,2.243184431526966005e+00,-8.978478907188777169e-01
-2.333750329122533440e+00,2.612905537185360672e+00,-8.887578009725231043e-01
-2.597349808920291991e+00,2.575396128890254044e+00,-9.104237512865190896e-01
-2.157245366982975199e+00,2.001195045964047736e+00,-1.580210418370307401e+00
-1.699537770278706006e+00,1.837502198131973907e+00,-2.242191087840151642e+00
-1.639835064420888333e+00,1.807313653585912228e+00,-2.136741637793921011e+00
-9.187152900242611109e-01,1.813290459297181467e+00,-2.312762258327544451e+00
-3.309729187356968416e-01,1.770646522805495060e+00,-3.216811285530810860e+00
-7.745522195912862840e-01,1.972948102654517255e+00,-2.422804415103172904e+00
-7.679412705307046005e-01,8.290213774083421416e-01,-2.338138040683929830e+00
-1.508661277533704714e+00,2.068221173715929062e+00,-1.360729950584351311e+00
-1.310497107052686960e+00,1.461974966486058625e+00,-5.300047802269859387e-01
-4.922699192684198977e-01,1.343511274071759409e+00,-7.458637537851005028e-01
-8.727753537374152715e-02,2.065803260523275231e+00,-5.962402780243487577e-01
6.190762055318793644e-03,1.376022958994959744e+00,-8.578304106318186406e-01
-9.730526818494322772e-01,1.603894537118413899e+00,2.265595461805708366e-01
-6.636468538209354673e-01,2.118021525268898753e+00,7.284265258262240250e-01
-1.240281046360955375e-01,1.147447654336926082e+00,2.809009408275034980e-01
-5.781494887578325637e-01,1.873042933018203904e+00,4.318713329947839741e-01
-1.043735012274691343e+00,1.221989976811870493e+00,1.046146326871708832e+00
-8.568206027889764265e-01,2.058978304987262309e+00,1.502987163793487957e+00
-9.323014586164871664e-01,2.483375028488517433e+00,7.579070802314942235e-01
-2.696565381929864058e-01,1.993157930526441302e+00,5.496040534263370025e-01
-1.774724252192708684e-01,2.576760232137902840e+00,-5.563762501032866459e-02
-9.665399611453365236e-03,3.898103284543797731e+00,-4.742496143359700711e-01
-7.366806754348471653e-01,3.968145490158689892e+00,-4.374665529426796651e-02
-1.310874732821197819e+00,2.966989550570658274e+00,1.525784461589445362e+00
-1.410251851354845654e+00,2.986274735930557700e+00,8.587918368075277975e-01
-8.825352482003465671e-01,2.284479500981439593e+00,4.757703333762964837e-01
-1.160912066235944673e+00,2.767258695657612844e+00,9.345485346149715600e-01
-3.995038451845654981e-01,2.023561374027100346e+00,1.744950905166406274e+00
-2.559646914918846661e-01,3.508475463702679153e+00,1.241847024939688016e+00
-2.860678830868582656e-01,3.658074394440901767e+00,8.488217840559214578e-01
3.778588192649378064e-01,3.412408201021410736e+00,6.097476581869311074e-01
7.178246749371481883e-01,2.251537845343825506e+00,1.646574665542643590e-01
1.541034487980236234e-03,2.210731781896656312e+00,1.715056729568443350e+00
7.182466050794551471e-01,1.594843822718244208e+00,1.483265723960781157e+00
1.261870300299271941e+00,1.601978660931322906e+00,2.330232390336305581e+00
1.123910955341218099e+00,2.131256709102677949e+00,3.106076240987357462e+00
2.284464495722880795e+00,2.636031511814679984e+00,3.124937118910341205e+00
3.694470187253108051e+00,2.662255129335896253e+00,3.449045072116727173e+00
3.559877635284733000e+00,2.510473516312019093e+00,2.930254834955265508e+00
3.745600820607758674e+00,1.625498273026869001e+00,3.112704461513299048e+00
3.958343890221752925e+00,4.803430092602823942e-01,2.759281019874538110e+00
3.104201575000811175e+00,4.926820037116264039e-01,2.476067934314498675e+00
2.329536348128783185e+00,5.849199918761680550e-01,2.140070084268336892e+00
2.309801701475249214e+00,1.637297731612972207e+00,2.494688384598005459e+00
2.688348498463842162e+00,2.460747230916845218e+00,2.707553155431804193e+00
2.870276846299542495e+00,2.329666593244539730e+00,3.620929815340939939e+00
2.871795209897002543e+00,2.935551739595187115e+00,3.558379864281776328e+00
2.442734340241392132e+00,3.278943216918946746e+00,3.751675540968842704e+00
2.425225199374676066e+00,3.106067644924974225e+00,4.734784020181241004e+00
2.222445122591194977e+00,3.552431348137643496e+00,3.667990369652077476e+00
2.724230161462381172e+00,4.375229484859688434e+00,3.071797028156820986e+00
-3.195299620112055816e+00,-1.210586604789695570e-01,-5.076948408092679443e+00
-2.626658836008273212e+00,8.886140465367937669e-01,-4.516619175930403074e+00
-3.302937307422976865e+00,5.026791303699870150e-01,-3.932654138570110813e+00
-3.718619986592399229e+00,3.800906092126435931e-01,-4.045575015398640062e+00
-4.148451879108473683e+00,2.518977836079457355e-01,-3.368887990073349048e+00
-4.680687234831047761e+00,-1.930781704269803334e-01,-3.761746372295728058e+00
-3.986553116450052947e+00,-2.634582987166660950e-01,-3.110229242404635386e+00
-3.584007149757097110e+00,4.828646344933288370e-01,-3.087756459141375309e+00
-3.681961217532037978e+00,-1.681494327903544639e-02,-3.971408925529202882e+00
-3.794942625129271718e+00,1.451868720686008807e+00,-4.186870806589774396e+00
-3.379789837397754404e+00,5.606822696692138619e-01,-2.697098751201769229e+00
-3.324567236088467492e+00,2.815396233305579310e-01,-3.599799839908968568e+00
-2.699003999410058086e+00,-2.037941428382033238e-01,-3.869357024440941650e+00
-2.844265260142992968e+00,-3.113547916716653541e-01,-3.581156142241940454e+00
-3.272757045446584190e+00,-3.667265825199227391e-01,-2.838802443273613196e+00
-2.799518475610786261e+00,-7.886456840443779592e-01,-2.466869244450676124e+00
-2.164468695778478224e+00,-2.952454353034208445e-01,-2.070594134233878947e+00
-2.387161903177736466e+00,-4.802245639599898031e-01,-2.455934666510469544e+00
-1.964755124699179900e+00,7.840196502932854014e-03,-2.644385793327792555e+00
-1.017415161811808133e+00,9.769591747176478713e-02,-1.463740436497912745e+00
-4.039345795688967788e-01,-3.818801443274233431e-01,-2.030256047245875717e+00
-6.728410866175651428e-01,-5.939232799463037282e-02,-1.524746085287114639e+00
-4.986597757166117417e-01,4.364700907601474222e-01,-2.257192568395935073e+00
-1.372992310453346132e+00,6.553032941336796036e-01,-2.135762252713722997e+00
-1.682090250591302683e+00,4.208556704183330499e-02,-1.188712976541977273e+00
-1.559279522484563696e+00,-5.042592534543921534e-01,-8.147152013953576910e-01
-2.077047881723413369e-01,6.537627527480907585e-02,-4.085009493798270608e-01
3.262583478979657475e-03,9.398610564249092469e-01,8.235412971537942051e-02
4.578838978292581463e-01,-4.492957532587203186e-03,2.225768859418179035e-01
1.016851840920660610e+00,6.632700179158296239e-01,8.833448257011323745e-01
7.654054909806055074e-01,7.335525856100363895e-02,1.123792078474364686e+00
4.954548519702093451e-02,-7.907010427514733486e-01,5.751524187569365676e-01
-4.179787437151069596e-03,5.812041584346495648e-01,4.494666456350888128e-01
-2.424332492968279129e-01,-1.796475783473846788e-01,2.825325590194265046e-02
4.441425854826925312e-01,8.436422304345564394e-02,2.912212008984134681e-01
5.698319687977343451e-01,-5.547851975405688751e-01,4.638413579755896188e-01
1.127642933322481333e+00,-8.972426466154279634e-01,-2.713979165347386036e-01
8.061152499658290616e-01,-5.282953948036804848e-01,6.228309023330812905e-02
6.205320861294641444e-02,-1.178285868719265217e+00,1.361463915001039637e-01
3.750093078391433243e-01,-2.204192757245477363e+00,9.018104834249249246e-02
5.139083733567026968e-01,-2.636020591098694688e+00,-1.553684019322028320e-01
5.590974382366071804e-01,-3.021962825865951441e+00,2.328343184250697417e-01
8.174132289619470693e-02,-3.550496009288046650e+00,4.841077436335146089e-01
-4.675289002892861479e-02,-3.160871523687920792e+00,-1.404137582972296294e-01
2.112648318914424617e-01,-3.262246659590736453e+00,1.233631250464639395e+00
3.569979486775564093e-01,-2.636745999765997883e+00,1.188320573721757256e+00
1.852170600170380266e-02,-2.735109277319158760e+00,6.471112629385487036e-01
5.044578667006768269e-01,-2.792303044918608812e+00,8.386916906273847450e-02
6.416148922205802130e-01,-2.689058873259746463e+00,3.253142172280112376e-01
-2.515794529411020108e-01,-2.023676352941295775e+00,-6.058796801589753922e-02
7.253185487002573595e-01,-1.710635390792464294e+00,4.586051988280647196e-01
1.036885308463086464e+00,-1.115842156834108811e+00,3.681042587285937584e-01
1.786371862554553269e+00,-5.480493460088736724e-01,-1.021836520104293933e-02
1.328480759861310201e+00,5.580846942843556979e-01,-1.023433077641307531e-01
5.392717724385214240e-01,3.162181211276068882e-01,-1.063387961507584745e-01
1.335602284081602420e+00,-2.954936088929244198e-02,-7.710598448716324271e-02
1.249541832675080011e+00,-8.204590575187251655e-01,6.734517688109866729e-01
4.493846519913886617e-01,-4.509604983046423543e-01,1.872331783131399918e+00
1.017230483222655080e+00,-2.810896366647580580e-01,1.703539230143386485e+00
4.764653404113772250e-01,1.168258437138986611e-03,9.482372390253754890e-01
2.649166313863456357e-01,-4.257191868357251274e-01,6.109700689236615689e-01
4.625119429336529975e-02,-1.005248532037902098e+00,1.174930367080039062e+00
-1.310773084510522546e-01,-2.247530035788924685e-01,4.189687776602029068e-01
-1.031139164710863865e+00,1.734777393538683710e-01,5.235548622515894257e-01
-6.995934283397200470e-01,4.951604633517133758e-01,6.478142925937072638e-01
-1.537423641879188008e+00,9.816635040468538742e-01,9.516378324562063673e-01
-1.495053697809479054e+00,1.736564615578773396e-01,-6.540326686397845979e-01
-1.327677542671829469e+00,-2.884341910128179753e-01,-9.217143376319875125e-01
-2.437129753485459016e+00,-4.879116084432323364e-01,-8.454357092366118209e-01
-2.945963138173219420e+00,3.984415390034337090e-01,-8.541202815017273631e-01
-3.053040490827956255e+00,1.115417129470158475e+00,-8.272432787750039207e-01
-3.501818938927967473e+00,9.199325491876613192e-01,-1.788671259091553001e+00
-4.263495223113000776e+00,1.070113040378597447e+00,-2.182591473872363963e+00
-4.069766634962503460e+00,2.228846614001831483e-01,-1.727543106664441996e+00
-4.701416909432015068e+00,1.912825023914532796e-01,-1.562968484528227675e+00
-4.050758361318856693e+00,4.872078351325951490e-02,-1.302041570883448518e+00
-4.681775058897662767e+00,-3.269251118465227868e-01,-1.553110507951900976e+00
-5.137932989140151285e+00,-4.508179824956466408e-01,-2.115017270552292494e+00
-4.206818890608724715e+00,-1.151187209243375920e+00,-2.230156358341158551e+00
-4.321357097600595942e+00,-1.618405281064903001e+00,-2.397384200108889196e+00
-3.831880723185358661e+00,-2.253481039513186790e+00,-1.671332551676758760e+00
-3.561785084859483419e+00,-2.763980880142781427e+00,-2.606173136488955766e+00
-3.835968366064878232e+00,-3.176617587645524932e+00,-2.634307082498772434e+00
-4.614134844192494533e+00,-3.223472001834892797e+00,-1.765745879938620311e+00
-3.898987628915101311e+00,-3.119686821511257868e+00,-2.350372534369415511e+00
-4.533878077251277894e+00,-2.196059723716737633e+00,-3.259029191414126281e+00
1.082137191730903503e+00,-5.054378756573377096e+00,-3.046675972822268097e+00
2.283272532957260736e+00,-4.953679977281430169e+00,-2.196714525773838744e+00
2.038148977606896839e+00,-4.124280556094871208e+00,-2.162178813895164531e+00
2.584900674529380105e+00,-4.047307855907697594e+00,-1.826385493574154806e+00
3.032270653319486531e+00,-4.612849688172903306e+00,-1.954168458002527364e+00
2.141290362531546698e+00,-4.045958021088305934e+00,-1.665593140382880533e+00
2.039757080827240276e+00,-4.755360928904972972e+00,-1.647566053921240448e+00
1.294763203244052363e+00,-3.730359523486976858e+00,-1.601416598495184918e+00
7.198516533959269381e-01,-3.008536534802814799e+00,-1.702952064530339760e+00
1.188159082323982707e+00,-3.045003182425694455e+00,-1.310254536203037112e+00
2.168910392179725477e+00,-2.429976267129829282e+00,-1.543862046778391894e+00
1.747445840215541502e+00,-1.968193557374056768e+00,-1.816734044672478676e+00
9.373558822685695846e-01,-1.973965050342795902e+00,-8.779535128499010854e-01
7.115447017091580673e-01,-2.160210974287267049e+00,-4.730625089473541323e-01
9.023818401824734714e-01,-2.225842671831280484e+00,-1.361801777941698433e+00
1.283809491798739710e+00,-3.020425728815389732e+00,-1.459175332591369667e+00
1.493930021689475751e+00,-3.854366863072276050e+00,-1.300495506313598559e+00
9.619477930068014437e-01,-3.045621212093007735e+00,-1.851169323227615848e+00
1.132972483237863370e+00,-2.610231126481092456e+00,-1.939609586573248334e+00
9.948564815541464101e-01,-3.045796048566304037e+00,-5.039453010550920542e-01
1.504546002415581896e+00,-3.493791306692131116e+00,-1.896343129531987026e+00
1.773930665777795346e+00,-4.124028721395299968e+00,-2.299236232814315883e+00
1.436992159205120245e+00,-4.253256081127414490e+00,-2.463886198515460535e+00
2.747981006645227597e-01,-3.204365650845956814e+00,-1.414507774762906012e+00
-1.288441928204215464e-02,-3.242734837506946466e+00,-1.152608255992262132e+00
-3.627192944770655236e-01,-3.587922313668410634e+00,-4.300445743574716206e-01
-7.079708992925572986e-01,-4.308573753452658472e+00,-6.473648895038843776e-01
6.279308835391136379e-01,-3.456573351150669993e+00,-8.810727845415556869e-01
9.539263634675727577e-01,-3.739708047468802476e+00,-4.239344237160255768e-01
1.314994575728088977e+00,-3.581936342419840269e+00,3.346801568371849944e-01
1.364190869368802073e+00,-3.973486836393945509e+00,6.414436168977024622e-01
1.514962788541230010e+00,-3.506792349349391547e+00,5.881620949079486849e-01
8.060096560321319270e-01,-3.040374307559329470e+00,-9.271834562967193882e-01
7.451172640872557595e-01,-1.323252661281712372e+00,-2.039852943364048876e-01
-7.461545999562489706e-02,-1.180592097886377312e+00,-7.467860503534270444e-01
4.376151517766904142e-01,-2.473122257885393527e+00,-1.237857538807352720e+00
2.698474680010983784e-01,-2.262825644154935922e+00,-1.241738148028482369e+00
3.926796771738214065e-01,-1.703884244203127452e+00,-9.722762373864215490e-01
3.114843718818783858e-01,-2.708132359315904569e+00,-8.046332251218075715e-01
9.278294817297670916e-01,-4.529195981750034683e+00,5.918155044534396947e-02
1.717091199942507862e-01,-4.901423473750406323e+00,1.094088700484349558e-01
2.749388763382040191e-01,-5.062162873635362992e+00,-2.918509399640206725e-01
-6.683090977275948918e-02,-4.691000126424772709e+00,-4.082972905177953415e-01
6.274163309766822572e-02,-4.417548107160460091e+00,-8.971823567627290608e-01
9.017036036222214612e-01,-5.014802700333872210e+00,-1.238052391425856325e+00
1.848085592263926324e+00,-4.879002954067150455e+00,-2.361292024845304816e-01
1.274986505428198136e+00,-3.995128186575582330e+00,-1.335624046632798850e-02
9.475609925829547864e-01,-3.150113491148657907e+00,-3.658973137375769458e-01
2.641253888166473218e-01,-2.461506478871156034e+00,1.323892489755047475e-01
4.789932175898080624e-01,-2.557125556826808310e+00,5.382993750118417187e-02
8.615182345010281573e-01,-1.807469241510878399e+00,1.662237769842409285e-01
1.601724575136306949e+00,-2.668770718198996583e+00,2.327457819206008027e-01
1.845780175311725335e+00,-2.371867781400288422e+00,2.318915106495534062e-01
1.675278917994245331e+00,-2.664317733584508296e+00,-9.184135731777304246e-02
1.454562424012065147e+00,-2.996563313777391269e+00,-2.638878871112124158e-02
1.616839630568602137e+00,-2.738393394694001337e+00,-7.155212747123060879e-01
1.500094100488886806e+00,-2.430730731821845403e+00,-1.750563170855446327e+00
2.325242501717507349e+00,-1.090564537707821469e+00,-1.472787845436009269e+00
2.767608691782049934e+00,-1.001566330289777262e+00,-1.012209389933573789e+00
2.458224031778244889e+00,-6.326076761821797234e-01,-7.108484747959326056e-01
2.146631169546472595e+00,-1.394729014949503743e+00,-6.094970082666651967e-01
2.310251948676393052e+00,-1.325037473689919088e+00,5.831019909461236661e-02
2.567292930866883705e+00,-1.090198949922529303e+00,9.701688442375341892e-02
2.187008125425746741e+00,-1.646244180045272287e+00,8.456988316353573065e-01
2.260635158420063906e+00,-1.387228526442782162e+00,9.030554900682589148e-01
1.306893144494304382e+00,-1.678764690430088802e+00,4.410482889564795728e-01
2.128956734011837160e+00,-1.810660883905895080e+00,9.774152643265777707e-01
2.744404747949386270e+00,-1.534747660907284761e+00,1.748130628219617178e+00
1.865954674278724301e+00,-2.386004459291857671e+00,1.365112950182555185e+00
1.827279511060270867e+00,-2.411092760514488287e+00,1.919817346472930009e+00
9.951404871424384124e-01,-2.859100724818198991e+00,2.515354311217246952e+00
8.309686094161770065e-01,-1.742152082938093649e+00,2.916097275647424603e+00
2.625489636974697172e-01,-1.553049707052735817e+00,2.539820161060027282e+00
5.977033181371453896e-01,-1.295375480656113742e+00,2.446492665611149420e+00
-1.835411023612637527e-02,-3.519325167218042560e-01,2.608383377235842016e+00
-4.140206160302122296e-01,-2.853591289955678678e-01,2.633742416366421146e+00
-1.055861502239418132e-01,3.594445052867404344e-01,2.483097894280450468e+00
2.001607431988551844e-01,8.962001864443009946e-01,1.985081762677805450e+00
-8.242090653473500561e-01,9.700214957778663383e-01,2.500447495001016041e+00
-1.293824654201982671e+00,2.248427922714720584e+00,1.490753464185648802e+00
-2.729804553481467999e-01,1.886262338796569571e+00,1.891789227690041431e+00
-1.099629530327967508e+00,2.555757591195745526e+00,1.754827051430927209e+00
-1.490842156172552002e+00,2.352664713548211051e+00,3.500150503325220264e+00
-1.741858419828909765e+00,2.276647820805641320e+00,4.248815202552455261e+00
-2.646766729410104269e+00,1.909298710336450489e+00,4.283228297802454954e+00
-2.615445451040512292e+00,2.046962309483099318e+00,4.996938102096833312e+00
-5.264127914429247213e+00,1.946736333221496196e+00,2.121125868363802791e+00
-4.918797445050779871e+00,1.318312076303425284e+00,1.868400424679295568e+00
-3.851478442697808813e+00,1.754604550084263970e+00,1.202852389570919778e+00
-3.501176393481840954e+00,1.483628983698867643e+00,7.487502645695141013e-01
-3.177193145323255585e+00,6.709665183580479919e-01,6.738562600546198489e-01
-4.063926794675191800e+00,6.264527193317426246e-01,9.381430784614650520e-01
-3.211317986711390127e+00,1.708622263323519852e-01,1.637714943386781918e+00
-2.471296961220892818e+00,2.329155140915084021e-01,1.309980713605974012e+00
-2.520248696520492437e+00,-5.147341906601339279e-01,1.760755154424576086e+00
-2.140532028364242390e+00,-1.917569705417793813e+00,1.969168961276088758e+00
-1.004864837949441370e+00,-2.458608781744429983e+00,1.881155560118921599e+00
-4.837296000796850182e-01,-2.209426771990697258e+00,2.050703270331269756e+00
-5.578811826466835155e-01,-2.272715281525851339e+00,2.176741755816214319e+00
1.138284167483715054e-01,-2.454282817776910264e+00,2.231009068272334694e+00
-3.033037590051681498e-01,-2.611409521937726907e+00,1.281855783955804018e+00
-9.103761414983192746e-02,-3.525223785411002453e+00,1.305887406424844244e+00
6.237542993061220287e-01,-4.331220197365216684e+00,1.713834546228463651e+00
-4.126649621551775060e-01,-3.490534484652349612e+00,1.883856653779169443e+00
-8.895402724865122401e-01,-3.478178205521359700e+00,1.261374524469307978e+00
-1.208730939823741801e+00,-2.916098437500870499e+00,7.429869134645509243e-01
-2.490688729400373447e+00,-2.504712100276520914e+00,2.012791022987538980e+00
-2.700651069763343237e+00,-2.624035715599749796e+00,2.082034693755141053e+00
-1.810315786655287695e+00,-2.910457196606960117e+00,2.728340971036070872e+00
-1.689649498363517521e+00,-3.102317457674617973e+00,2.213204343866889801e+00
-2.141815408076072291e+00,-3.199342433178169465e+00,2.453028034235991139e+00
-2.170495676094978954e+00,-3.268391598836477119e+00,2.090130788471939116e+00
-2.087658375234858199e-01,-3.329946747319671108e+00,2.498758934948034582e+00
6.616773083404718647e-02,-3.021990243219769390e+00,2.604665517098982086e+00
-1.284982060016986172e-01,-2.665497579703974829e+00,1.949812597815630877e+00
-5.777728790273892190e-02,-2.128008006952838649e+00,1.897472445855979961e+00
-1.015337416987728725e+00,-2.701639718466605000e+00,1.270159611493169027e+00
-3.254354926507634083e-02,-2.855024602975943626e+00,1.729237466417358426e+00
2.363653429640061865e-01,-2.870070415443839007e+00,1.597651550231364848e+00
-3.199559265441531686e-01,-2.691446233048797154e+00,1.906840175876743926e+00
-7.911080850499431494e-02,-3.544225680712972615e+00,1.357674015122416256e+00
-1.151230585449405597e+00,-3.973709427388011584e+00,1.429218528697794977e+00
-1.048308858522419618e+00,-3.408475798016285196e+00,5.395635201944451453e-02
-6.664029141935468026e-01,-2.307826129963699735e+00,8.301894486445590138e-01
-1.405249330540473685e-01,-2.162408005221618357e+00,-4.167871427217091362e-01
6.190397946158227027e-01,-2.460718631249540600e+00,-6.326971926221875986e-01
1.273762870023531502e+00,-2.286012350716013497e+00,-5.433343026938125542e-02
1.361514146268388015e-01,-2.785892844076822250e+00,-5.816783838182374433e-01
3.844030654067231434e-01,-2.670959532744977327e+00,-2.269119991497373368e-01
8.422464960060799255e-03,-2.626227767952011405e+00,-2.292912909416897627e-01
6.852382621231480897e-01,-1.542489377283968510e+00,3.810972295794678999e-01
8.594122996782607160e-01,-2.795661671344800148e+00,-6.730052756523120794e-02
7.843592512107295800e-01,-1.610772204009400355e+00,5.955774211835533904e-01
7.641663688366845397e-01,-1.811618573782074471e+00,1.603082840359616457e-01
8.184080641392945665e-01,-2.521614557115464450e+00,8.374704956052163585e-01
9.975342385512562249e-01,-2.940119811133822036e+00,1.054145905411703943e+00
4.793224129802360900e-01,-2.611319478524015025e+00,9.975628278600213728e-01
4.130118381934738125e-01,-2.948204271525820097e+00,5.774336411469247476e-01
9.469304886447214020e-01,-2.744748698866032122e+00,1.678362662161555940e+00
7.968500641599893797e-01,-3.421554775213068389e+00,1.596804653534172003e+00
1.389281447342281650e+00,-3.464718910119605866e+00,6.756673649463901254e-01
1.269562472941214049e+00,-3.384836799853708555e+00,9.219496556222654959e-01
2.094669622067586001e+00,-3.126301810273004023e+00,4.078026496784383781e-01
1.768301955913805568e+00,-3.011202379795730799e+00,8.412772259827162591e-01
1.801051372351993418e+00,-2.764772523313533181e+00,1.417314601042482414e+00
1.802028245052174071e+00,-2.273910627816772667e+00,6.016103386018183397e-01
1.830546280061516207e+00,-1.061985573583944520e+00,3.942925516806872754e-01
2.669897193654893641e+00,-9.285128878442706624e-01,5.368176468596742856e-02
2.749310505849211772e+00,-1.976455025494061601e-01,-2.683649145489785948e-01
2.802689584937655631e+00,-1.555936370610260244e+00,2.321880648111093737e-02
2.585378536593551768e+00,-9.600424324399361442e-01,-5.488574338553476872e-01
3.460733935376588466e+00,-3.363048557009831185e-01,1.353555557943859067e-01
3.130513499009775380e+00,4.241659552423776569e-02,1.841830088006334576e-01
3.166220979146359138e+00,-6.757767981840485938e-02,1.009543988191283354e-01
4.371252503793946254e+00,3.430458821015498483e-01,-9.693470476594537866e-01
4.113895480379288649e+00,-7.386682608861394606e-01,-1.027188615683305439e+00
3.666321966867183146e+00,-9.487015503736209165e-01,-1.968937924317777366e+00
3.904804648791750488e+00,-1.080929180650172849e+00,-3.052208806331730973e+00
2.645861108470308753e+00,-1.167219356788378182e+00,-2.101178936067671810e+00
2.638391352417568836e+00,-2.603849873222657152e+00,-2.100725227922828342e+00
3.366263312421077014e+00,-3.715648227000139414e+00,-1.912595945573513756e+00
3.902580344900856701e+00,-3.229383281956777818e+00,-1.499495306006809026e+00
3.413521049330836554e+00,-3.409547544116251050e+00,-9.985689656445173590e-01
3.418908531107978543e+00,-3.183757530274923031e+00,-1.488215819700283271e+00
3.141497965095938483e+00,-3.672061172532069317e+00,-1.357282496979524078e+00
2.372027344568615970e+00,-3.558165121756399873e+00,3.059948726945086461e-01
2.171875755294732979e+00,-3.384181952454111464e+00,-5.113041222301324407e-01
1.806946418469129512e+00,-4.727973954842527249e+00,3.090035746683069684e-01
2.516458388730179241e+00,-4.723114697425996766e+00,-3.453998393684729606e-01
3.234912829018635083e+00,-4.568537343353267666e+00,-7.479517065956024779e-02
2.963778922067521027e+00,-4.814642066045701441e+00,-3.696199782668919687e-01
3.523210329307298938e+00,-4.795262170111426414e+00,-7.697075388487532033e-01
1.826268506081059062e+00,5.714586480761011167e+00,-9.080031717976434769e-02
1.165613552237144912e+00,5.335542388269999492e+00,-2.435616909333893354e-01
1.096535559046058594e+00,5.128983711926755618e+00,1.089153479929950041e+00
1.295320092421770930e+00,5.054948409420877198e+00,7.918751666637484643e-01
1.683400452670581471e+00,4.825558367859706266e+00,-8.405666277934491504e-01
1.891185364609395236e+00,3.816553916519469070e+00,-1.732314536331251986e-01
2.389155971871161910e+00,3.485266579562249945e+00,-9.926339262831235244e-01
2.631039223272476857e+00,4.131016325498416464e+00,-9.008290738046540458e-01
3.365529483131003641e+00,4.180601141830397438e+00,-7.622063709422511879e-01
2.251506919255905625e+00,3.340880834739517358e+00,-6.627637005565861772e-01
1.947031086569180225e+00,3.059613788407157031e+00,-9.979043134508256419e-01
1.106171821990913129e+00,3.217898806439155379e+00,-1.325757036528538491e+00
1.523740834658047882e+00,2.897223024797513702e+00,-1.594920401395324649e+00
1.170692503586651556e+00,2.580233857608570158e+00,-2.606514305876081572e+00
1.049728203717867681e+00,2.091952869949210481e+00,-2.860173563872453251e+00
1.468929379251375567e+00,3.232632290180675660e+00,-2.387778718068086725e+00
2.050300317783823267e+00,2.695070439600947942e+00,-2.723051169962451556e+00
1.900867784132727722e+00,4.023940042849608822e+00,-3.045307476466454055e+00
1.868278122921787521e+00,3.223972297990258973e+00,-2.036665601579052076e+00
1.584488703279183230e+00,3.135072716769824908e+00,-2.089613394595565943e+00
1.443898930927134172e+00,3.976261518646379667e+00,-2.153912658863184948e+00
1.000353254744758225e+00,4.571489148336115527e+00,-3.181946332763001095e+00
1.263356523156943911e+00,3.917178924445043897e+00,-2.943791241563523897e+00
1.490036992259610171e+00,4.590472187949704796e+00,-1.631533483777653615e+00
1.345188053522171412e+00,4.551219826463955620e+00,-2.227744109405171535e+00
9.763881263569540447e-01,4.885519476691562168e+00,-2.711055966591679134e+00
1.617353142289922774e+00,4.901809615416764743e+00,-1.780224602552428870e+00
2.268177939858434744e+00,4.539751249679922829e+00,-2.517775462491893101e+00
2.808852739370298668e+00,4.294742077562195171e+00,-1.977363247115574652e+00
3.539520116984629539e+00,3.411954540182830620e+00,-6.579087991949464920e-01
3.674961104715427584e+00,3.667602297585001114e+00,-1.030217262963194491e+00
3.302957301395947898e+00,4.807117316456196221e+00,-7.859378253451130281e-01
2.388949659686059768e+00,5.517215678056190065e+00,-8.557783676978951704e-01
1.998918098842173086e+00,4.895598585132497682e+00,2.914626814703414892e-01
2.814084913948699196e+00,4.655048853073138204e+00,-4.305914011518514883e-02
2.435642436260163635e+00,5.016522586743208834e+00,-7.738522622465038303e-01
2.452156992910202948e+00,5.416949891880394219e+00,-7.384200880844151715e-01
2.206865972848894408e+00,5.397702172042179392e+00,-9.665384623001576081e-01
1.937000266217907996e+00,4.769107449899540718e+00,-1.201799595476480409e+00
1.809487042152765568e+00,4.593753858488232034e+00,-1.597348135908525757e+00
1.465462630675600453e+00,4.935080823375855630e+00,-1.637297273641960205e+00
2.019918098442221588e-01,4.520676675438056513e+00,-9.564672544743335614e-01
1.248393074964881944e+00,3.682268835887075209e+00,-8.919628408355508853e-01
7.265968838921655903e-01,3.237301569411159097e+00,-2.042109506616594850e+00
1.004714531839985547e-01,2.659286513861899959e+00,-2.459312919795511920e+00
2.719836872438309294e-01,2.372160560995018042e+00,-2.272716576646738762e+00
5.384197522963964783e-02,2.706223934427098854e+00,-2.170505283431299226e+00
-8.114892816281487065e-01,2.952438604397958244e+00,-1.181116863333618205e+00
-1.588800202146870344e+00,3.160641546051248252e+00,-9.927795891476736134e-01
-1.226113119220257897e+00,2.715149241354980258e+00,-7.794931363669438396e-01
-1.595959890673167347e+00,2.882368874641703993e+00,-9.337388706497642410e-01
-2.350726700892252108e+00,3.252828125898558298e+00,-9.592584870494039739e-01
-2.147515551566044234e+00,3.209354038887922034e+00,-9.725305060266699053e-01
-2.117237022940094970e+00,3.507656367170842948e+00,-7.026593359495688640e-01
-1.970756290793437282e+00,3.903351834069162862e+00,-1.713594236605729293e+00
-1.241207972719317265e+00,4.798318558523821942e+00,-1.387578570304814907e+00
-1.053764203931342180e+00,4.210915257070588780e+00,-1.185147796172275836e+00
-1.048844226556844061e+00,4.320758620977846576e+00,-7.601476958858097710e-01
-4.544248653347336964e-01,4.165673056396196117e+00,-5.283358681881117347e-01
2.001791271903168301e-01,4.053790235460261293e+00,-1.211066839650314364e+00
7.377321674900781945e-01,4.073488140784854217e+00,-1.777419067455182189e+00
4.815264816522036861e-01,4.580018382911622332e+00,-2.086591303949503651e+00
4.837659463329004872e-01,4.838389268177437863e+00,-1.242622585689776127e+00
8.348738126694288386e-01,5.010447771264535888e+00,-7.955094078908692135e-02
9.021034001714145489e-01,4.325257809299660750e+00,1.004937985505144571e+00
1.020653106081846451e+00,3.460674617343669102e+00,1.492925190670443714e+00
1.579683844470862519e+00,3.132433129509974101e+00,5.325507957558170968e-01
1.605993462757542289e+00,3.408830645787148228e+00,3.444075032541510373e-01
1.258182316883812657e+00,3.173073547199432909e+00,2.691579773076818727e-02
6.676831408683027158e-01,3.493151992250990823e+00,-1.368485119729051513e-01
3.679000687154033722e-01,3.947300634141512887e+00,-2.595607664933616832e-01
3.219884710172353226e-01,4.596032479218605360e+00,-6.043673493158828736e-01
9.534363064764417306e-01,5.096111581613624431e+00,-9.096662458484475744e-01
1.064318643828368272e+00,4.807793320155456129e+00,-2.558761352140711542e-01
1.714659230680245505e-01,4.895285114073482546e+00,-6.381450136572178744e-01
2.237983000578688819e-01,5.125778097804396971e+00,-2.015101203565920207e-01
1.485228880563128073e-01,2.975573787582434182e+00,-1.138747498658206903e+00
-2.550822622427049158e-01,3.402499746178269557e+00,-1.573775804146476887e+00
-1.039140213757052955e-01,3.090878784733918305e+00,-1.791056141887386044e+00
6.263609241597010158e-01,3.371761646490399666e+00,-2.023826866139454506e+00
9.551607101823624824e-01,2.548744554699534426e+00,-2.370658756279697243e+00
1.942980560309557791e+00,3.018339571517921538e+00,-2.707491800744854515e+00
2.173018788987975292e+00,4.588102156811744159e+00,-2.759022688015306368e+00
1.557461302604502329e+00,4.379719013951077322e+00,-2.800268098200732858e+00
2.532924893285755097e+00,3.576015562885779708e+00,-2.782536362064116808e+00
2.586901889967601509e+00,5.141177986817535128e+00,-1.695944432917789957e+00
-9.240842073893468234e-01,5.500753788639035413e+00,2.210831548179755579e+00
-9.869248224857940510e-01,3.972623112310785132e+00,1.169165300214781489e+00
-1.922535670704761390e+00,3.477136853098738545e+00,-4.428993700288019753e-02
-1.853084604373244515e+00,2.772994141701453419e+00,3.214335568277445487e-01
-1.217420924782252500e+00,2.626215667010811217e+00,1.108902366851653332e+00
-1.215150816694027469e+00,2.937357101617569022e+00,9.038022218947312503e-01
-2.678889370975341411e-01,4.149165888912505373e+00,2.761290654836167646e-01
-5.050081358572604540e-01,3.533011623995750750e+00,5.806825123194345739e-01
6.937042309974531529e-01,3.567347685762564335e+00,1.959836285867399830e-01
4.964340088110558158e-01,3.332080579904075357e+00,4.560693915468070347e-01
5.933215530586416486e-01,2.862451856275998185e+00,4.234474885152016421e-01
1.552763140352495519e+00,1.521475498556520645e+00,5.728902399194704120e-01
1.988985113757044010e+00,1.163707271603990678e+00,1.565324205418483272e+00
1.771875484385890820e+00,1.352252593155172988e+00,1.646341975779689326e+00
1.170324092894567514e+00,1.731703196048506754e+00,1.321166073931167251e+00
9.144244849637253036e-01,1.581999230663128753e+00,1.302983706341084069e+00
1.036372388001774114e+00,6.407240649361097828e-01,2.613687435844326501e+00
6.870900213097917986e-01,1.250537608281884872e+00,2.325524705954686411e+00
9.837399573855469814e-01,1.690538256654590121e-01,3.081917038534882192e+00
7.411376980299948514e-01,5.262727996485765392e-01,2.888805873175345429e+00
7.350161409843603000e-01,5.109343333410887311e-01,3.637264580679818504e+00
8.909214141778660778e-01,-1.009184773025405268e-01,3.903808545297743571e+00
8.904658773632020408e-01,-3.965960206826635304e-01,3.839177013605509892e+00
-1.801477533568324532e-02,-1.750803522642086218e-01,4.367571502393045257e+00
-1.480954766445114756e-01,7.144773674534615759e-01,4.899965962889529791e+00
-5.665175708591179138e-01,6.319853488991418189e-01,4.429677123670333394e+00
-3.195252356888185763e-01,1.778585619981160049e+00,3.887385218030271261e+00
-3.673694228713251797e-01,1.471756241316545477e+00,3.747013035139759474e+00
-1.080772133715670325e-01,1.309672327317684237e+00,4.124109202302626898e+00
6.957949388074511354e-01,1.618590759751488806e+00,3.183092280815927655e+00
4.160410214957035308e-02,2.720203975782233385e+00,1.774362834525509580e+00
3.051639054102375792e-01,1.004285909193974646e+00,2.199999724356820785e+00
3.573515304108849655e-01,8.413996433060014768e-01,1.919936477919994999e+00
1.389401491175821901e+00,6.426734413013273084e-01,1.239957044404143227e+00
1.491224298353202027e+00,-3.101661723385389369e-01,1.742193218139303612e+00
6.371028793454425188e-01,-1.748560885531729725e-01,1.044892587511671467e+00
2.014930570706871815e-01,4.825983868046217207e-02,1.604168036318383228e+00
2.523782399017691636e-01,4.005729378996051304e-01,9.532539378846006661e-01
1.262796593199575712e+00,2.842618251486905487e-02,1.342012161226206590e+00
3.826125956989455679e-01,-8.627687708554232504e-01,1.388529892112018604e+00
4.688012708926719285e-01,-1.222339477511883210e+00,1.495804043500193137e+00
-2.207819114253013748e-02,-7.322356341715561268e-01,8.475565439862453587e-01
-5.047610286691175396e-01,-3.600865542603295388e-01,8.299104875276662741e-01
-7.667785342288437889e-01,1.904239686646807261e-01,6.190684024673439589e-01
-1.174909304146644740e+00,5.756481834926757690e-01,2.017908686568026522e-01
8.493040004977636670e-02,6.671767577855290954e-01,3.673458054579571974e-01
-7.583793699834057156e-02,6.304819919398081396e-01,-1.694037360254215252e-01
-2.736714248067429467e-01,1.496292434918997660e+00,7.424575917216950094e-01
-6.377362650718715331e-01,1.408108807554852460e+00,6.740800540359896953e-01
2.186058694425389581e-01,2.649458030499847183e+00,1.228545269361776882e+00
-8.169863999975964797e-01,2.056798592805733072e+00,8.680300972436263418e-01
-4.947556123281903750e-01,2.157888630915588912e+00,1.484889619498056312e+00
-3.235884569339829708e-01,2.532011351152474887e+00,1.283026714651167577e+00
7.971822017444102348e-01,2.507652098798802243e+00,2.140324983662853064e+00
1.917332340519286582e+00,2.604712541376130286e+00,1.740853544685381005e+00
1.210093047303353542e+00,3.382313093220541411e+00,1.729047508615121798e+00
7.465483995984778520e-01,2.435883431951335165e+00,2.045725963110911483e+00
1.586656313036606536e-01,2.483085831273999844e+00,1.469308948422773264e+00
7.149299530158116367e-01,2.168468838439729485e+00,1.334183457272291262e+00
9.074905748149104667e-01,2.988338832823412616e+00,1.667441025442814029e+00
4.268739151242385010e-01,3.169133396455789065e+00,2.152876085150164265e+00
5.151115007206337193e-01,2.619658237857225291e+00,2.092617719246018027e+00
6.640521928442316701e-02,3.310148566684504079e+00,9.852025865204055988e-01
4.795172576534814657e-01,4.368224789334924196e+00,1.996102008872391531e+00
1.683094781234845405e-01,3.741105214515281663e+00,2.670439903798262904e+00
3.409824549874689303e-01,4.622647244772276842e+00,3.160755627712271032e+00
1.974847926905336504e-01,4.512071778843766090e+00,2.661983042654860299e+00
5.083476186443618428e-01,4.226320901464120539e+00,2.456444528141664474e+00
1.020889038297454199e-01,4.018168092445991491e+00,1.982632739135790967e+00
-3.233969763698426036e-01,4.549289285257427373e+00,2.512858359121711072e+00
-8.574310891535585899e-01,4.097254240217054644e+00,2.045037881572184801e+00
-6.704379144407551783e-01,3.909459563716661368e+00,2.055280207862806297e+00
-1.379665622009382586e+00,4.029912210482775592e+00,1.271683176236471535e+00
-2.149958135011699856e+00,4.034054554899903167e+00,1.497627810810745475e+00
-1.605828359773168179e+00,3.355091335711597456e+00,1.334035008290261448e+00
-2.673821710209852043e+00,1.854035257144186488e+00,1.950158234727714879e+00
-2.122774463929947952e+00,1.527783444706059868e+00,1.853248874130805079e+00
-3.212725838395233069e+00,2.013553384078315744e+00,1.714147373253196660e+00
-3.418842576452551629e+00,1.325703385176723037e+00,1.590567325918476937e+00
-3.279821751378875216e+00,1.086905710673533587e+00,1.729163036501424111e+00
-3.671038245890434482e+00,9.559825986745026372e-01,2.858857232277160598e+00
-2.841280526569468723e+00,1.140383849979486275e+00,2.519880680768247672e+00
-3.391279981443243052e+00,1.803104996002447669e+00,2.559560205746911787e+00
-4.182538076207826805e+00,1.777649369929728884e+00,3.111490036105328816e+00
-4.040608620550901087e+00,1.375573128233234632e+00,3.088607982947114028e+00
-4.419716832257985395e+00,1.880066348541877597e+00,3.596033043192991219e+00
-4.068828160542500072e+00,2.918108331053678839e+00,3.305946334744629400e+00
-3.456796101011517131e+00,2.750489874021468939e+00,2.397003760890396684e+00
-3.820386009773473646e+00,2.790106564108993936e+00,1.984852999757801939e+00
-4.951200844770525578e+00,2.550033892482949760e+00,1.375890483242326878e+00
-4.996385046909934680e+00,1.952052333448712096e+00,9.496732203446447418e-01
-5.526286906252572351e+00,1.295835044001155012e+00,5.047466548446296608e-01
-4.899776432592788389e+00,6.707539208912834949e-01,1.210062572924291757e+00
-4.159467506432481088e+00,5.990321524297148592e-01,1.453641456871479942e+00
-3.951123396264858201e+00,4.840700408674072919e-01,1.520153951643796075e+00
-3.658147322966812887e+00,6.484941506648475018e-01,2.381293131700217725e+00
-3.710451575038773875e+00,3.171768766092739611e-01,2.952026349070405953e+00
-3.602775543262550340e+00,7.432178979575061462e-01,2.973825648868273497e+00
-3.297704433885956021e+00,7.977647649374599581e-01,2.896555911532751271e+00
-2.588114593024604115e+00,2.754726071933041309e-01,2.826535830160386453e+00
-2.201423074642801847e+00,4.824010762334560165e-02,2.461793944328261041e+00
-1.755855663838480352e+00,-1.803963986080081017e-01,2.891538019533417270e+00
-1.045860729427831259e+00,5.736630462543665931e-01,1.806100210520554805e+00
-8.700518397214725974e-01,3.967340737549061025e-01,1.238830772691868365e+00
-1.052704483586240691e+00,1.088423903634982093e+00,1.449859843517570690e+00
-6.246182881958897148e-01,5.318467311255665741e-01,2.312453884721663133e+00
-2.959627799286395078e-01,-2.976782080555424870e-02,1.619355566726566664e+00
-9.196878940886673570e-01,4.941869398258844637e-01,2.007306438282179251e+00
-1.573035653987451710e+00,6.740912822848152408e-03,1.054771637591882527e+00
-1.775810309631787876e+00,1.770390573685690638e-01,1.178737062418103054e+00
-1.302739122927444315e+00,-3.039954509865457066e-02,1.856664615191482959e+00
-1.141806504989303583e+00,-3.185964954250215531e-01,2.519748953404561842e+00
-4.449316537062567578e-01,-7.641057071039317750e-01,2.404381872304003576e+00
-9.940840168448313863e-01,-8.492747210458506668e-02,2.420225308004943177e+00
-1.221509546658901435e+00,2.165678271553324319e-01,2.258488910920706250e+00
-1.021673461181867415e+00,6.296353613836597196e-02,2.730947187113239583e+00
-5.339527339009622064e-01,6.061017764723516388e-01,3.020776030746352259e+00
-7.029242598391225449e-01,4.733920616788827029e-01,2.807152686227237126e+00
-8.724325588033238210e-01,4.560083212012954190e-01,2.403884653014692674e+00
-1.308443242429951692e+00,-6.634028502262175886e-01,3.033806740209915365e+00
-8.474326137655422420e-01,-1.385498509956627933e+00,2.879370118523941091e+00
-1.335114671093848848e+00,-1.059081820611578184e+00,3.338855137204191248e+00
-2.169648674790196630e+00,-7.343125428810135524e-01,3.537961811597757578e+00
-2.593157563680572597e+00,-5.915417003476293178e-01,3.804178931476460690e+00
-2.331225359036387612e+00,-1.748057718928693660e+00,4.150641633408403308e+00
-2.289794292186538183e+00,-2.036640836929961562e+00,4.124553745947521222e+00
-2.276611073488524539e+00,-2.197418671853505145e+00,4.820436756402177281e+00
-2.497566688741663654e+00,-2.396228154111206265e+00,4.494050713824700338e+00
-2.294073572565144215e+00,-1.926191724838684394e+00,4.149856849571259332e+00
-1.895490926720931890e+00,-3.046044343242824137e+00,2.814517282410668120e+00
-1.290084343112358534e+00,-2.258472615159284658e+00,2.851143365361322957e+00
-3.566117719164367816e-01,-2.528813225156236300e+00,2.777836041721839955e+00
-8.247550177043136421e-02,-1.936537762986325184e+00,1.743253376260880172e+00
-4.818337284792634234e-01,-1.612111847678768140e+00,1.738812629909652241e+00
1.243507998139791626e+00,-1.432310179440672071e+00,1.880354209360502127e+00
3.764145274339998903e-01,-1.132550647118274689e+00,2.676669606129189471e+00
-1.904455142997008021e-01,-1.098902981968224779e+00,3.100446375010640132e+00
5.937334095516624277e-01,-1.816341797849984729e+00,3.001460457156623463e+00
1.224106173335632874e+00,-1.299443742458429085e+00,2.221061269957979256e+00
1.860219505295058751e+00,-1.337421700887834186e+00,2.490547772217569733e+00
1.977887475569877873e+00,-4.756445526763027343e-01,3.308885568620392625e+00
2.309965765713694275e+00,-6.976379551428146808e-02,3.084025737805225376e+00
2.164693335835183419e+00,-2.187668062192242580e-02,3.522186001196446092e+00
2.400618473813408205e+00,2.964798180304358821e-01,2.981844454634035912e+00
2.746536243002686728e+00,3.905957236910708175e-01,1.589912505842281165e+00
3.583141759287713501e+00,2.140269918087447099e-01,2.152892612305214559e+00
3.566314059641713108e+00,-2.306126934573402565e-01,1.711216231848535774e+00
3.615289771417394160e+00,-4.800052991201705921e-01,2.291397139000285410e+00
3.213996226419468805e+00,-8.255518500558599593e-01,2.879337225742515383e+00
3.509546118424309746e+00,-2.344005945975154437e-01,2.772805455212953074e+00
3.370243277629036527e+00,-8.854928037521012096e-02,2.778737182918296522e+00
3.561363263517062006e+00,4.765304869240900576e-01,2.803621733898333357e+00
4.222692715977549582e+00,5.744024647929963923e-01,2.125974083654980085e+00
3.620175761780922485e+00,7.228878677743630354e-02,1.929783963486211285e+00
3.300635655112153621e+00,2.197032647165392261e-02,1.484277339695054376e+00
3.360291187544629299e+00,7.555103016492761281e-01,6.792914736368224071e-01
3.122933557398171356e+00,-4.530809718923078933e-01,1.908631065801167093e-01
3.420824403417578097e+00,-2.188007013193577210e-01,6.139295951639259785e-01
3.142318764858146984e+00,-9.949248954541400902e-01,5.359521654948364022e-02
3.173974946533898223e+00,-1.339204987029928295e+00,-3.306266526397342864e-01
3.025185166929764247e+00,-1.577103885936652850e+00,3.544017810300121862e-01
3.309845631712073022e+00,-2.330129668050989977e+00,-8.087098357375052116e-01
3.505585791039854016e+00,-2.075912021691072695e+00,-8.951536757300717628e-01
4.308564261274264062e+00,-2.140682969150989656e+00,-8.347747033226647906e-01
3.636505362027878885e+00,-2.506419153031123948e+00,-9.018534780769102976e-01
3.963565295095302421e+00,-2.321556005307590542e+00,-1.418199522186255557e+00
4.286526228465701749e+00,-2.665330715302528741e+00,-1.700984941572147413e+00
4.428834271667636990e+00,-1.231841872974060559e+00,-1.397804711907129960e+00
4.939012629708101620e+00,-1.970260908281032508e+00,-1.528699304259084624e+00
4.148300891627807907e+00,-1.829075177667495611e+00,-8.996047862191982603e-01
5.353990869402680985e+00,-2.401352038941103384e+00,-4.792869032276235730e-01
5.416570442644834671e+00,-2.514277334582838641e+00,-5.823865766562220658e-01
-4.132240797722521286e+00,-2.584975926164928328e+00,-3.498926328287768506e+00
-3.618191229851458690e+00,-2.157145389188678486e+00,-4.351539916090885640e+00
-3.375073940414465845e+00,-1.711054414804563661e+00,-3.757868619311300673e+00
-3.732791860834628661e+00,-2.701241217789113414e+00,-3.637568366893443095e+00
-3.728583168707514162e+00,-3.073059714216260563e+00,-2.327690775193731021e+00
-3.236503576796295967e+00,-3.505175097456539213e+00,-1.558608689861256336e+00
-1.920129315464057296e+00,-4.307006776661832070e+00,-1.087566853763531238e+00
-2.516368760070764488e+00,-4.584376674975245258e+00,-4.374254410492660616e-01
-1.513336245089298426e+00,-4.850052486315800770e+00,-5.566843645002376162e-01
-8.598908555712940771e-01,-3.133944154365697621e+00,-7.135848917428873062e-01
-7.288864603748532733e-01,-2.480416198724741950e+00,-1.201937408915627614e+00
-8.786143300472836204e-01,-2.533286642469651184e+00,-3.620426619139720525e-01
-1.927986136536102624e+00,-2.465409188542594610e+00,2.287927866986421976e-01
-2.048074106603366307e+00,-2.005037423128661178e+00,-8.758501030162634260e-01
-3.248649224710316474e+00,-2.061392495366669131e+00,-8.626194289395279213e-01
-3.037858460780249015e+00,-1.718242471868166144e+00,-8.696190450329004396e-01
-3.052189948478502224e+00,-1.278165260567598382e+00,-4.820812765576159564e-01
-2.720486055485017651e+00,-5.366857486741419825e-01,-1.397252096398157839e+00
-1.989275123085174402e+00,-4.486421262112268993e-01,-7.561947521294739571e-01
-1.583754388338780350e+00,2.141557077648348351e-02,-1.281902743285543878e+00
-1.512924513774434487e+00,-6.047834562601737129e-01,-2.082611691992415803e+00
-2.342247146233528809e+00,-1.121360062602348329e+00,-2.759429229954617480e+00
-1.374510416288620807e+00,-4.629714532714182540e-01,-3.162620572302068389e+00
-2.130512322233168110e+00,-5.107153174771954240e-02,-2.420591230912986891e+00
-2.822096604412331011e+00,8.199503856494134713e-01,-1.626906513024842571e+00
-3.357181110492687637e+00,7.545979191698592992e-01,-1.824971408465524414e+00
-2.827580812899752161e+00,1.337783839059924595e+00,-1.766038629340590971e+00
-3.041316498561307924e+00,1.041990233075622552e+00,-2.719891428718444804e+00
-3.156538235780536716e+00,1.686741248525487791e+00,-3.258225218048897531e+00
-3.081402252149466836e+00,1.266010374744644063e+00,-2.829909613714438610e+00
-3.282719852021834583e+00,1.146872640363745921e+00,-2.409968126462727955e+00
-2.405972500968877714e+00,6.066956184214709058e-01,-3.134196423808961462e+00
-1.957796248884018153e+00,1.109026064843915416e+00,-2.676042729252409824e+00
-1.762524835909214271e+00,2.698602856566896802e-01,-2.481340273827986831e+00
-1.812990112188237468e+00,9.567215687599865959e-01,-3.311141692263184666e+00
-3.122597547453800360e-01,5.594949082254018213e-01,-4.486934812433508668e+00
-1.442095556653223642e+00,1.061015796134801570e-01,-4.496632584949226796e+00
-1.868332142449003808e+00,3.094822736576669509e-01,-3.695536074480117783e+00
-1.758675615962734362e+00,1.470884903568798752e+00,-3.971756794287164993e+00
-2.165075281468480384e+00,1.777304394903152840e+00,-3.387698614868638103e+00
-2.490035856675296699e+00,1.434797227370565365e+00,-2.882804499104571150e+00
-1.885119169913418880e+00,1.424654574169454513e+00,-3.811208877422266994e+00
-1.366655477961813192e+00,1.222303802831363972e+00,-4.506344638518905654e+00
-5.080820721059431389e-01,1.280682193609179453e+00,-3.167230397174836121e+00
6.805362333839241051e-01,8.577340369604106174e-01,-3.324340828930687941e+00
1.728231346451821526e+00,1.295863628985472360e+00,-3.091109412242723842e+00
1.629379814715463004e+00,8.825044032009731199e-01,-2.752436941561375416e+00
1.587167425615069183e+00,2.026879801949406090e+00,-1.343708945672182686e+00
2.886149344580150267e+00,1.785867006529785916e+00,-1.548207081528339524e+00
3.331091783280302643e+00,1.957439937530143892e+00,-9.688483786641335360e-01
2.821251354308909942e+00,2.515691087406387805e+00,-1.041617980029777790e+00
2.744173483123133028e+00,1.803958982020191559e+00,-8.583373119273723928e-01
2.411248311680559198e+00,5.076443519411905081e-01,-1.691758442226541703e+00
1.830678341771111439e+00,-1.860690370457232234e-01,-1.993558921582342824e+00
1.433702164547464353e+00,-8.281343369837151913e-01,-1.636669500537290434e+00
7.844873768936472258e-01,-1.297703216896838541e+00,-1.006078393078383204e+00
1.258898562442920088e+00,-1.502945501571117282e+00,-6.318223121710858647e-01
1.579807553748959759e+00,-2.183082410954378716e+00,-5.217166071413287254e-01
8.459371883052717589e-01,-2.501279588650770602e+00,-4.524354638173045950e-01
3.936682530443712524e-01,-3.090123561952724529e+00,-4.659137556433150945e-02
1.091525532944509047e+00,-2.763234730585412358e+00,1.006410440056742406e+00
2.128423012778200452e+00,-1.716225755728202129e+00,9.650692497118100732e-01
1.416707356264069961e+00,-1.098164081918269197e+00,1.025311979054642331e+00
9.001407752010768260e-01,-6.451203209278465467e-01,1.336022976883316060e+00
3.247664053411097873e-01,-4.126539437709393909e-01,1.022456202651935264e+00
3.049829306037714072e-01,8.390797204082247607e-01,1.667348051099054373e+00
2.638186736468557947e-01,7.967116505383552427e-01,8.273608808534087533e-01
8.882252029883840327e-01,9.172081313083119136e-01,4.074534900061538290e-01
1.218913051892557720e+00,8.783278298279650897e-01,8.164270731611398269e-01
2.074033018815001128e+00,6.879777766855081911e-01,3.433163983596253521e-01
2.390643217006099164e+00,2.797435058108574957e-01,3.840269207520888850e-01
2.159972156103866059e+00,9.059955932020324898e-02,4.376255151142537381e-01
2.141305859614996532e+00,-2.386526402272444725e-01,-1.259426304809599384e-02
2.301282413792611781e+00,5.549948692680347628e-01,-2.634038543115319042e-01
2.425239249337084679e+00,1.577637470639900785e+00,3.898051200529419891e-01
1.371115666207258998e+00,1.126143683588415989e+00,4.611336182488098290e-01
1.732910531777757557e+00,9.309701309919297119e-01,7.474107057310327429e-01
8.396441784804130615e-01,1.012332405128393065e+00,4.711010039438525698e-01
8.218763817874163990e-01,6.429250934428321074e-01,1.214211446626705104e+00
1.122199318829802284e+00,2.991660904377093644e-01,1.923430914204339981e+00
7.741512274416058048e-01,2.659712905040160225e-01,8.643537074625693428e-01
1.516996559102570918e+00,-4.425990201235655563e-01,1.699760668797844154e+00
2.625610609018341979e+00,7.344053724437606956e-01,2.441454147255481821e+00
2.658338843242986638e+00,1.436946529453066113e+00,2.530807495767004589e+00
1.511903578638163825e+00,1.610258196879436055e+00,4.031432052564457358e+00
2.826711529995924010e+00,2.101834983409401225e+00,4.857158802088367366e+00
