1.223198126447156975e+00,2.486819793245083954e+00,-5.321608183564499051e+00
1.083327145529368707e+00,3.097543615017722463e+00,-4.089771210040029636e+00
1.626933230295794619e+00,3.230399511974326732e+00,-3.389887766021431048e+00
1.670167324033166256e+00,2.995918551576204347e+00,-3.166866749737330622e+00
3.561537245802262053e-01,3.312301864649046301e+00,-3.232266634295737351e+00
6.137538619481189839e-01,3.640993621215635301e+00,-3.825595366161569366e+00
1.943081892664383914e-01,3.425927840245596379e+00,-3.792375072716412276e+00
1.075779532196140975e+00,3.644122339989432913e+00,-3.187662496606281870e+00
1.104586866251845878e+00,3.007437628808754315e+00,-2.309136260321293488e+00
2.056163303211765214e+00,2.254972640444677712e+00,-1.660644764094240555e+00
3.064163238620997376e+00,2.598633798535507911e+00,-1.338065128571622964e+00
2.887004451508785596e+00,2.019819414666268909e+00,-9.011619039286004051e-01
3.728058454529849630e+00,1.240198706379520344e+00,-9.197784593860224289e-01
3.553006919425753196e+00,8.143082261983694004e-01,-1.841056328584941060e+00
2.962827487953013872e+00,9.734788263508112327e-02,-1.718014343610045680e+00
1.596421283727994744e+00,-2.328381325268511770e-01,-1.635599023565293741e+00
7.754326478906982123e-01,-7.493884664889025604e-01,-1.628573993882804771e+00
1.152564882624839138e+00,-3.174332933652015409e-01,-1.211163236224165329e+00
1.302178759029813282e+00,-3.463673994624171248e-01,-2.301986761287998284e+00
6.883598166554418807e-01,1.719596374684382312e-01,-2.593305755970574999e+00
1.380621500742601482e-01,-5.909088556748267607e-01,-2.738287698930536251e+00
-6.290585686192744219e-02,-1.052855092372732421e-01,-3.465956711703133575e+00
-1.386070957680419213e-01,5.782997532306128896e-01,-2.755760105591104292e+00
4.724096690888385242e-01,7.570189666789817196e-01,-2.487008753813477302e+00
7.064773125932446440e-01,1.385938737321741332e-01,-1.980363957911088768e+00
1.146677951298276987e+00,4.307715268216336102e-02,-2.058973300058116518e+00
8.990457463297359952e-01,1.717859530317421279e-01,-2.076517945845518742e+00
7.471135318138468762e-01,-3.964210906777937971e-01,-1.875276789034708402e+00
2.878376005473491928e-01,6.225133115879987189e-01,-1.124735122863580239e+00
-4.124136116412181474e-01,4.969044221148731788e-01,-8.913149007592108264e-01
6.834286375316882545e-01,1.304916705031701429e+00,-1.027296251189697696e+00
1.296885319294477590e+00,1.626016523519092427e+00,-1.781166568901360714e+00
6.925015539660654973e-01,1.941157959305914504e+00,-2.073168033894186024e+00
9.022544909317606887e-01,1.360247823299793213e+00,-1.820980551693628380e+00
2.105250224170324369e+00,9.365931638578445240e-01,-8.446237842793589135e-01
1.665115701244856750e+00,1.374992681269915362e+00,-3.303273786426936809e-01
1.757089352767686297e+00,1.469782581360798535e+00,2.412313805878602696e-02
2.604136521116404257e+00,1.231149362060349306e+00,7.064461085096551685e-01
1.561270848702799308e+00,2.563656052060989121e-01,1.261915456833354376e+00
1.417449493527264348e+00,1.235938449351652091e+00,3.245003315838611013e-01
3.634258581851245729e-01,2.046718726450164283e+00,7.215854008478207460e-01
-4.611425447100954422e-02,3.833597763107299272e-01,1.184618358818736672e+00
-4.647346944771601485e-01,-4.432877889984156994e-01,5.481813799664447817e-01
-8.128841286628812890e-01,-6.539114391941458493e-02,2.822484636311282102e-01
-4.238741017456764126e-01,-2.696717860674890943e-01,1.099228226089359994e+00
-6.359661117380569495e-01,1.096357676730045916e-01,7.690959641360577415e-01
-7.413950619195909253e-01,6.018320282828832912e-01,1.308246109059879148e+00
-5.729176842340581999e-01,6.124219871338236754e-01,6.157779852628053607e-01
-6.637717954535076181e-01,6.193317048192070740e-01,1.252088879557305523e+00
-2.268298379600006132e-01,-9.788757451177944324e-02,1.267173229058411454e-01
2.279366105621098704e-01,4.464023560641821042e-01,-4.599387836914654581e-01
2.562856499291700230e-01,4.560626460242319657e-01,-2.102600641948777493e-01
5.044753397524437410e-01,7.402527817372257513e-01,-8.577435356618926532e-01
-3.987562326246709143e-01,-4.192253243123014728e-02,-7.020108663877924204e-01
-1.395208025284231379e+00,-5.666277585766457126e-01,-1.137587924766125580e+00
-1.462054818437596326e+00,-1.056812676059218026e+00,1.106322098179490787e-01
-9.148889507580626468e-01,-8.672764459362762857e-01,6.300515344161500275e-01
-2.898749235394254553e-01,-9.847542711868415566e-01,4.837174626037592517e-01
-5.085339507666080117e-01,-7.268682385362381648e-01,1.590256261813573380e+00
5.399671706628437207e-01,-6.354188831508387203e-01,2.107460261017959358e+00
-5.467460497155182120e-01,-6.327484194607654322e-01,2.579438660326775601e+00
-3.815409333339179199e-01,-9.428976625517311305e-01,1.925626884935804028e+00
-5.105650460425120718e-01,-1.774137559047686441e+00,1.360011841893776330e+00
-6.494024558699555971e-01,-1.423242850826828887e+00,1.367113269419227617e+00
-1.853505724030635182e-02,-3.526032250463782547e-01,7.347001448413345015e-01
-2.379061077348449404e-01,-5.402037757871804846e-01,1.227150998631755252e+00
-3.814101695039636142e-01,-1.183515922414674071e+00,1.014791886302851331e+00
-3.389096463605845155e-01,-1.380855712926487122e+00,1.326773163865387684e+00
-4.705245330386639835e-01,-1.073440565310427974e+00,1.525335161435272369e+00
-8.429549983480517650e-01,-4.048162626684557175e-01,1.767333041214877776e+00
-1.583262801094449390e+00,-3.848351333622470061e-01,9.252793377412343867e-01
-1.744620532651683931e+00,-3.258332406888716504e-01,1.154109380291169495e+00
-1.387214726555939581e+00,-6.231637946340902179e-01,1.577826934517292390e+00
-1.989789026408094630e+00,1.572728863651448872e-01,7.695712994151714392e-01
-2.365792637854572167e+00,3.052877586363075268e-01,1.162225243954009279e+00
-1.682297172961737974e+00,1.396876517154983788e-01,6.479395095029285567e-01
-2.202307926233373347e+00,7.941057946118733613e-01,1.588035154774893321e-01
-3.216437876030639131e+00,-6.807035520792023564e-02,4.272826500872390909e-01
-2.297881896922358447e+00,-8.920588529369442854e-02,1.214243599382023753e+00
-2.799647707469358426e+00,-7.742548372812827484e-01,1.532286238088295782e+00
-2.784601398692664542e+00,-6.037028534453003914e-01,1.695376998992092599e+00
-2.829210872331371807e+00,-8.399156495424768831e-01,1.573221858756406855e+00
-3.531204049121982269e+00,-8.139555537809490815e-01,2.111368879221595662e+00
-3.398786167950014647e+00,-5.084538062084125176e-01,2.053031665210849344e+00
-3.862028973253929021e+00,-2.261902364716870117e-01,2.581668957439688050e+00
-5.355748911837887150e+00,-1.126440765656463894e+00,2.459082104122301882e+00
-4.901965147877780815e+00,-2.549336329597829742e+00,-2.339149838634590584e+00
-4.543029986378926743e+00,-2.590185895736405008e+00,-2.639295255172609878e+00
-2.876903699943016424e+00,-1.993079791145098811e+00,-1.995777449175285101e+00
-2.614294459973485196e+00,-1.704363437900963563e+00,-1.491300394751739589e+00
-2.596971342056460408e+00,-2.593422789580097199e+00,-2.454490704196952588e+00
-2.092985801355156994e+00,-2.512797006482486939e+00,-2.366376541434752401e+00
-2.065054408976850553e+00,-2.729293939783483669e+00,-1.795274581851396656e+00
-8.687553282011328815e-01,-2.829484136587811172e+00,-1.131260664920086922e+00
3.453593556930335817e-02,-3.131225444794238921e+00,-5.419256533729517322e-01
-5.553105440949447358e-01,-3.492611510655885265e+00,-1.513394723518926455e+00
-1.445283337773459187e-01,-3.141186120825057326e+00,-2.437682874352816498e+00
-3.061601080043431788e-01,-3.346833645825318282e+00,-2.458463506993474379e+00
-1.401848764318688989e+00,-2.751777909488085427e+00,-1.307061439982442952e+00
-9.732952477916230194e-01,-3.492629323438857902e+00,-5.650472664438315196e-01
-5.684337311868827847e-01,-3.707543274655715759e+00,-2.284679085936407728e-01
-1.761878765629971977e-01,-3.204739131333998348e+00,5.623525407061910064e-01
-2.052007467664865303e-01,-2.840282597452452151e+00,2.105626220196297638e+00
-6.778454400518280076e-01,-3.669275935360001739e+00,2.163992919531366965e+00
-2.892366795993147610e-01,-4.520334171464230444e+00,2.491950834620428434e+00
-1.134173623978760093e+00,-4.475219160115459616e+00,1.831127105822655032e+00
-5.235684614420296201e-01,-4.571873329699143618e+00,1.996138938635533933e+00
7.731115289223271236e-02,-5.115305064395375467e+00,1.813649707665515143e+00
-3.538611652697628562e-01,-5.675689201052242616e+00,1.646510202166274528e+00
-3.081839422374758053e-01,-5.682252496743754655e+00,8.775770428672938772e-01
7.875256349931883948e-01,-4.231466613192446324e+00,1.361402775238721441e+00
-1.016829343574816025e-01,-4.210723706482590423e+00,1.654272920142089154e+00
-1.014359880194851016e+00,-4.546142372471624782e+00,1.812974358322383406e+00
-7.269859512152813119e-01,-4.582592231383681103e+00,1.505569171381683891e+00
-1.675640111221904371e-01,-4.215760697706580906e+00,1.028379415411718734e+00
-6.589873026611777762e-01,-4.509219440822390013e+00,1.140230822199639116e+00
-1.670500961725913391e-01,-3.193738124091163755e+00,6.088564611071690669e-01
2.601358255084371129e-01,-2.754946936319944140e+00,-3.573422850499210490e-01
-2.945586925345313190e-01,-2.685798172772285053e+00,1.541115787530606684e-01
2.470924234717485901e-01,-3.362286281342833139e+00,-8.417074292179124173e-01
-6.216573988234629367e-01,-3.871020748408099177e+00,-5.971463901861314705e-01
-2.564155744683463967e-01,-3.542976540332299695e+00,2.497069869891315463e-01
7.248115742163228070e-01,-3.538369178656333602e+00,1.556122355942691771e-01
1.267308718003729462e+00,-3.900015123984557963e+00,-6.136312242918032789e-01
1.770410464324745359e+00,-3.390972033974736899e+00,-3.757550322098642814e-01
2.643022562599190994e+00,-3.335401926515918269e+00,-3.064526278306589635e-01
3.021300086604392199e+00,-3.577290378639753410e+00,-4.999432512596059253e-01
2.868186038143352601e+00,-3.144986530350852849e+00,1.087350402432178398e-01
2.183582069592324260e+00,-2.855908281388347181e+00,4.678496200686009243e-01
2.071671587426865635e+00,-2.416662553891873788e+00,5.596212265852086587e-02
2.771698982922277121e+00,-2.137017058539141257e+00,-3.305972918484035294e-01
2.991061060016167339e+00,-2.229203010269805052e+00,-1.417017575938534779e-01
3.929215504912162427e+00,-1.686015892653368820e+00,-1.067818752751884537e+00
4.150928441821282178e+00,-1.711911073940526551e+00,-5.997425034422398937e-01
4.525134616299939516e+00,-8.187095374393681402e-01,-7.023181734530912212e-01
4.146089672854642139e+00,-1.795076892804465363e+00,-1.663961224254368432e+00
4.518965781862699593e+00,-1.666557653482829027e+00,-2.089039006599425097e+00
3.604847923754734840e+00,-1.519312724901376477e+00,-1.641241966242781292e+00
3.070883650886373495e+00,-2.234755099054646088e+00,-1.542715334480345701e+00
2.002553370493900697e+00,-2.024556952173322877e+00,-1.293162088753263994e+00
1.544098015317672212e+00,-1.517918015289526856e+00,-6.485853363931726179e-01
9.089362151979024640e-01,-1.244150021448142462e+00,-1.106013243219810427e+00
1.419522832236338683e+00,-1.759139660760746349e+00,-1.069294758814525403e+00
2.718570278221024150e+00,-1.871369867954679522e+00,-6.789959720375098318e-01
1.875502808810920907e+00,-1.111745313953786285e+00,-2.289556072813894450e-01
1.192838828048474742e+00,-1.541488003209935398e+00,-8.248619633831091313e-01
1.039765945950169579e+00,-2.112839359192158373e+00,6.165183124781387775e-02
1.286064885465123098e+00,-2.956052084267962954e+00,8.091657839719800238e-01
1.809213580714683189e+00,-2.869145742279381128e+00,8.453668804149061522e-01
1.288626192054822317e+00,-3.619678305904276971e+00,5.842178341820393195e-01
1.192946750671986855e+00,-4.726952615637062038e+00,8.546854899060696287e-02
1.063087507963105027e+00,-4.884522580717034934e+00,3.352931515300867082e-01
7.163983440878531894e-01,-4.735619797441439793e+00,7.797024041577527154e-01
5.533582811341043461e-01,-5.366598566343434129e+00,2.778593073850197381e-01
8.730051444189960153e-01,-5.060762804321029762e+00,5.305441403385934285e-01
3.764822737522288687e-01,-4.660384946745241841e+00,3.919868230739138593e-01
3.898378936492883917e-01,-4.239493276603306882e+00,2.492185398123686613e-01
-5.672734489070416775e-01,-3.696563064973445556e+00,7.423876585545775564e-01
2.333047100639642490e-01,-3.766126484014712616e+00,1.349286380679193820e-01
-5.457218942326974576e-01,-4.311776249145783169e+00,1.035740917958513641e-01
-7.212102417836848689e-01,-4.718725814651773653e+00,-6.738965563541333692e-01
-7.140186667324285308e-01,-5.461312346821949326e+00,-6.287033600458773464e-01
-2.464710668671205029e-01,-5.457126404144680087e+00,-5.418919894337379528e-01
4.471094618895634643e-01,-5.163570888493348221e+00,-1.005302265629257841e+00
4.107620169306582247e-01,-5.682462064208665176e+00,-3.109710903710173890e-01
3.281166001571392821e-01,-5.505730990351096921e+00,4.099575740536412494e-02
-5.877084195165283020e-01,-4.725518425590729876e+00,1.015849856892329983e+00
-8.451749543786594154e-01,-5.384540128377661716e+00,5.410732913744653594e-01
-1.095277866996603011e+00,-4.518738561937731824e+00,-3.267084649461654000e-01
-1.228105165742083171e+00,-4.630803753514125987e+00,-4.738814006707474658e-01
-1.432486543939541335e+00,-4.779660101846733511e+00,-1.429395996235286681e+00
-2.049456344535924401e+00,-5.536907467692528506e+00,-1.068823833029630244e+00
-5.134647290473054682e+00,1.001521245931427551e+00,-2.938086519554127918e+00
-4.869513930315426009e+00,1.167808751418782931e+00,-2.551928568962047894e+00
-5.081048274715934454e+00,1.362951156955944931e+00,-3.079062418369944432e+00
-4.727347891956463322e+00,1.721466242850939743e+00,-3.012191940786521638e+00
-4.898906533729857848e+00,1.980039955511052163e+00,-2.199487698449128281e+00
-5.103635223658280928e+00,2.328153664736362316e+00,-2.178348695004554969e+00
-4.665654894147476917e+00,1.972203402648069703e+00,-2.202495800016266880e+00
-4.183523253040710266e+00,2.392255186224508279e+00,-2.989556083364499184e+00
-3.635993411785129581e+00,2.195025380467335196e+00,-2.835840339154104051e+00
-3.199079429965300925e+00,2.667054635356412184e+00,-2.148624164078705601e+00
-3.406892716148337108e+00,2.678029339596033065e+00,-2.733471498189344651e+00
-3.078560168907571448e+00,2.853041328939028620e+00,-2.991288605254033062e+00
-3.170325766025446690e+00,2.842738731365615834e+00,-2.924098385141161049e+00
-2.960551835133775178e+00,2.738590173937582417e+00,-2.244109634871479297e+00
-3.367703579053234808e+00,3.391928570483212724e+00,-2.651633786191771591e+00
-2.546760560388484862e+00,3.578881106551492053e+00,-2.710358230515469646e+00
-2.495675710763149979e+00,3.377544948339891828e+00,-2.071833452151350841e+00
-1.889170669912801914e+00,3.319197154803225747e+00,-1.073641533652101909e+00
-1.704697521253306425e+00,3.839555698046610566e+00,-6.977821820748587589e-01
-9.388979397193069065e-01,4.105453200235633204e+00,-4.703705804687383085e-01
-3.601139288785076831e-01,3.696626635162430841e+00,-8.344067240822288234e-01
-6.340388977960618178e-01,3.308349676054497479e+00,-6.927099029219916382e-01
-9.266800051401111737e-01,2.507943059951997622e+00,-8.708266067877877825e-01
-1.177239864012605830e+00,1.973956823684424267e+00,-8.823349679116158084e-01
-1.396763573757295873e+00,2.364631690333663272e+00,-1.367463304212523489e+00
-1.945321083009820873e+00,2.613237136948559858e+00,-1.108042219927809713e+00
-2.563869938228244827e+00,2.499659343682957946e+00,-1.978634409865893673e+00
-2.883525722984371598e+00,1.331895305301155963e+00,-1.223158709294594138e+00
-4.252980078149454002e+00,2.155530495388797707e+00,-1.329450728100917134e+00
-3.535816086134802472e+00,1.674808940881380659e+00,-1.431569529698015764e+00
-4.129351139257948944e+00,2.649500842329918449e+00,-1.485202401758651591e+00
-4.087550959596180533e+00,1.621559908679619522e+00,-1.864024597208158163e+00
-4.904293779761116134e+00,9.797483725319618975e-01,-1.193617362587765518e+00
-4.364279315635818612e+00,5.591728313523766092e-01,-6.305677684625290436e-01
-3.263432921165211997e+00,6.550826730527653519e-01,-1.221906405154908892e+00
-3.289730750546363769e+00,7.307818810640993590e-01,-1.242778397095004816e+00
-3.592907918721244709e+00,-2.654784555512573196e-01,-9.581705396842924438e-01
-3.373958349672296464e+00,-3.437521891944068653e-01,4.150236297504906746e-01
-3.544330294504693502e+00,-1.671298181966560881e+00,5.119865756079986507e-01
-2.944562941814530266e+00,-9.361497587976852497e-01,-1.768859408958336488e-01
-3.122684520644748662e+00,-9.648123683005329632e-01,7.278787720334014555e-01
-2.552034030920053542e+00,-1.205745236340980131e-01,1.427103326383349247e+00
-2.979706394249580725e+00,-1.271687998654794927e-01,8.272334249240801407e-01
-3.083987751302984304e+00,-6.602144273556023735e-02,1.488012763784797521e+00
-2.482962875052543428e+00,3.315655411120571050e-01,9.570262257933386252e-01
-2.820006283456617080e+00,7.569398911516447281e-01,1.977154861058179891e-01
-3.123400459549946273e+00,2.414593863369964843e-01,1.035305013785683625e+00
-2.593824359885856801e+00,4.660904744611420458e-01,1.585292439608853021e+00
-4.015068858416303677e+00,9.105303703277220495e-02,1.433170696555529977e+00
-4.140674262568256658e+00,1.643055871630354769e-01,6.325541101843606961e-01
-2.904243425989272431e+00,3.245112922309198455e-01,-2.121787644262405348e-01
-2.288939943090185114e+00,3.571018218789047127e-01,-1.101243955454522583e+00
-1.784865939531098400e+00,1.416656629530824718e-01,-5.336351443074296430e-01
-1.806062240916746386e+00,-3.758467241397040470e-01,-7.808995909420867187e-01
-9.418372773998676672e-01,-1.631748755897469483e+00,-8.287542053088460259e-01
-1.656348296861058333e+00,-2.013665934623940945e+00,-5.617401433554894963e-01
-8.202912053940368819e-01,-2.746276666197622784e+00,2.242858519938412121e-02
-1.037584734882361692e+00,-2.843735854381603367e+00,3.229379167514488946e-01
-1.099422893738714713e+00,-3.007938109393973214e+00,1.238125956918650461e+00
-2.148416904292515639e+00,-2.528005704620789107e+00,1.432331636519688089e-01
-2.897651579557996460e+00,-2.596142435400674131e+00,9.382453119959925925e-01
-1.963004375479371344e+00,-2.457794947234978267e+00,5.494751001406313895e-01
-1.152369166204880280e+00,-2.030775959788346352e+00,1.757400581370136272e-01
-1.492092740132680895e+00,-2.040433386589332265e+00,8.864377059212115162e-01
-1.025132638846088184e+00,-4.439845964647460841e-01,2.496704016896788225e+00
-1.743130790069033154e+00,-3.509024746889210511e-01,3.048484788902705578e+00
-2.882078101170394202e+00,-5.411570159268294100e-01,2.424797319036375853e+00
-2.224756252015708036e+00,2.415354169098790915e-01,2.399032824064748493e+00
-1.985466967481734679e+00,9.678153570852801035e-01,1.671120864301219866e+00
-2.776209944231546434e+00,8.244806582527116623e-01,1.639662562533629409e+00
-3.041233106081508986e+00,-3.216335178121962901e-01,1.003767113760395402e+00
-2.349092780168213768e+00,-7.879258984909461860e-01,1.592853225660245009e+00
-2.584863783013952698e+00,-9.682173048212157074e-01,1.552522402694625381e+00
-2.798232726813667970e+00,-4.243414643316885115e-01,2.054387004622041157e+00
-3.077789235617756969e+00,-2.457472515135908364e-01,2.406662116474381108e+00
-3.772403601383655936e+00,-5.530645982943239725e-01,2.436930822406829122e+00
-3.779800192250680091e+00,1.271140950750989429e+00,2.984294343394995774e+00
-3.976015213630097023e+00,3.160321854508107431e-01,3.156259323493782354e+00
-4.206683979382786376e+00,-2.558372282103863471e-01,3.091628260779278214e+00
-4.430120518407237640e+00,-6.424749216951006758e-01,2.674037239385661735e+00
-3.376346756825379547e+00,1.108891142557103526e+00,2.591298443241051963e+00
-3.895593341283596800e+00,1.055713458364066160e+00,1.999686648872618600e+00
-4.596719654120639653e+00,9.425505881931320884e-01,1.982229857359838032e+00
-4.883426689463530757e+00,3.475203294061929293e-01,2.456114110186358612e+00
-4.750476295448425645e+00,2.183086811324208010e-01,2.543165790591486619e+00
-5.544710437101454836e+00,-1.137380808707580682e-01,2.289814363143445775e+00
2.130108038219081235e-01,5.996005572152179219e+00,-5.043387923970465286e-02
9.117880247347783795e-01,5.836618504453251255e+00,3.973211342206842689e-01
9.544757007088731093e-01,4.899537393133779339e+00,2.088485771755881903e-01
1.454092262899683741e+00,4.976242519752323012e+00,-9.060065304331996749e-01
1.304503836549657514e+00,4.468310264059207171e+00,-9.039550071935721354e-01
9.565799293566857875e-01,4.270091802105064005e+00,-1.501133900337420224e+00
1.606627206577200262e+00,4.682720933731766344e+00,1.265896322829788145e-01
1.090305811128918334e+00,4.705974446946399325e+00,-2.009735168546009643e-01
1.677287246475601457e+00,4.838362082942047948e+00,-3.013313514341654509e-01
1.501133879896275891e+00,4.529715188647402968e+00,4.448221315221560501e-01
2.170433682506311523e+00,4.431359807555046437e+00,5.240896345733335737e-01
2.199813013566684905e+00,4.877009971218300599e+00,6.021586686696929203e-01
1.622684325925399129e+00,3.453128815725607037e+00,1.124387765095190339e+00
2.784285531942721104e+00,2.871143056694472229e+00,1.373302433365876318e+00
1.293249183164608684e+00,3.205481097219857300e+00,1.420375880988192785e+00
9.166920473977734352e-01,1.848645789057385080e+00,1.781045240888882608e+00
8.474407472526304108e-01,2.120602986286759251e+00,1.800854398079478669e+00
3.087133743927007457e-01,1.709479579728958587e+00,1.191525832634346083e+00
1.970748406729089242e-02,1.747271273986766182e+00,-2.598952585850858310e-02
-2.288688205650101781e-01,1.688221548186700449e+00,-1.563053293305902258e+00
4.993099930097991135e-01,2.418316649077683511e+00,-1.202032188054909412e+00
6.097045397967342240e-01,2.584911321654213889e+00,-1.888834270029948970e+00
5.084415831844137923e-01,2.712774835794796502e+00,-2.412780973391111861e+00
9.417645624410124761e-01,3.493446708626017916e+00,-2.897489573773470717e+00
9.694651241933022190e-01,3.759121365291794525e+00,-2.857081128791106650e+00
1.136511330580009527e-01,3.773485533615051235e+00,-2.754855802780303620e+00
-3.579761917700868268e-01,4.245670212202710125e+00,-2.655737561689571091e+00
-1.329666873490030099e+00,3.734194515661470870e+00,-5.576078456594386612e-01
-8.051140339577343985e-01,3.434508210509198189e+00,-1.364256461982512603e+00
-1.161874660249070601e+00,2.274997831274545579e+00,-1.380637484407385207e+00
-8.024220817779712522e-01,2.075699761866617976e+00,-1.135477119938734791e+00
-9.169107982865329909e-01,2.229809885956385074e+00,-1.048377830535275113e+00
-8.556885246632268682e-01,2.762705610793205757e+00,-1.455612171187876003e+00
-1.301642884308862547e+00,2.458670690743633980e+00,-1.337590721432446061e+00
2.631399987078193448e-01,2.859639000297232059e+00,-1.656864095278688165e+00
9.582170591849947794e-01,2.058012571101107024e+00,-2.068454857345070508e+00
1.015504124510492323e+00,2.382358760803522824e+00,-1.832379273357750638e+00
9.306513668210604218e-01,8.042437707410293735e-01,-2.284404748922642892e+00
1.482949989186309603e+00,1.433614419698395537e+00,-3.112223015767959566e+00
1.236174764432081297e+00,1.224741458355573798e+00,-3.270835632073772370e+00
8.892863496670103673e-01,1.527560345878771653e+00,-3.694513546773117163e+00
8.490092987941498803e-01,1.172912862725523198e+00,-2.852519843980835912e+00
8.931863071050085701e-01,4.741605167231910389e-01,-1.468055169442845420e+00
1.058311426427029023e+00,-3.502469484270569478e-01,-2.076310111499526379e+00
1.014197793433963435e+00,-9.183494145737766123e-01,-1.917952347947764258e+00
4.280471692464731248e-01,1.819708290620538071e-01,-1.037790014393290328e+00
2.816255004123460748e-01,-6.420636300148645503e-01,-1.333624116843542318e+00
4.299737690616350916e-01,-9.805875634850623468e-02,4.594958930169965039e-01
3.318308360905501964e-01,2.821303844308102327e-01,7.094502011691257159e-01
-3.768771116275152488e-01,-3.891472354753236496e-01,9.390005379952431896e-01
-2.389187928246852000e-01,-6.375040535643239359e-01,1.715931144724677004e+00
6.073432868797876694e-01,9.850029503134266617e-02,1.058396847194635226e+00
7.572712745243727062e-01,-1.536796166522516049e-01,2.189244509298019503e-01
7.240203592794303145e-01,-3.074375497378197819e-01,-2.970121577473445185e-01
2.233541981119558928e-01,-1.258780862123143995e+00,-1.874908730333116891e-01
3.218601437244811292e-03,-1.149661737339921164e+00,7.016894816926602108e-01
-2.074471062437106272e-01,-1.516018132942784868e+00,4.897144301515320985e-01
-4.881187332316654359e-01,-1.304753636511637449e+00,1.201254060066287543e+00
-7.274982544828698661e-01,-1.388400323898914879e+00,1.234361726510410762e+00
-9.193941172579458421e-01,-1.664792939841216679e+00,1.745446626115656708e+00
-7.964042441794302318e-01,-1.913160928088273316e+00,1.355165674362801553e+00
-1.689550740703823939e+00,-8.605642912829454261e-01,8.342902692377398566e-01
-1.454710354277737983e+00,-5.743630204612450996e-01,1.202745766536962968e+00
-1.100183659200378194e+00,-5.957209535031843251e-02,5.962074948972705402e-01
-4.073047807806136067e-01,-1.909224083119968052e-01,8.862074368030120608e-02
-3.124588312140333946e-01,-2.749626568376958846e-02,-3.855612567838624383e-01
-7.036582352271391061e-01,-2.832618434441114830e-01,-4.973337343708220670e-01
-1.288176704807530992e+00,1.227254073478611512e-01,-1.573704249109801334e-01
-1.115959496114680372e+00,5.565901245552161702e-01,4.245082596025511190e-01
-9.052362056676217517e-01,8.245606718129334656e-01,8.194854437720333618e-01
-2.050345933231346063e+00,8.761363178247074668e-01,5.498540817344858000e-01
-2.838343603197940546e+00,-2.797795066318814472e-02,1.408940858946998720e+00
-2.854456541057718066e+00,-5.441047020485349772e-02,1.382085741606597251e+00
-2.485248237767212487e+00,1.186976291595092520e-01,5.126729149601123581e-01
-1.884651836764295707e+00,-4.116291620346243518e-02,4.291788433843225503e-01
-1.655430294593935869e+00,2.378395869228702719e-01,-6.866323375092094894e-01
-2.177440258908214243e+00,9.988822250512439938e-02,3.582960508895755014e-01
-2.495018240693503309e+00,2.801052123948934436e-01,1.005487762636037896e+00
-2.781108093885827248e+00,1.242884662744155655e+00,1.009497964097500367e+00
-2.980764660037797942e+00,1.337643396477838920e+00,3.419399085545828942e-01
-3.734484820342752087e+00,1.146302765837805770e+00,1.246698847466727544e+00
-3.972593814453862393e+00,1.403697687801843674e+00,1.138491781064948860e+00
-4.610820156680312643e+00,1.620543441936011853e+00,-1.698424793336995864e-01
-5.136522622356325840e+00,1.282083486134611539e+00,5.675706573866609594e-02
-5.351945790310367101e+00,2.003547213740166200e+00,-3.269933903215821447e-01
-5.782653087213996734e+00,1.464658245208694920e+00,6.447476232423147158e-01
5.073043015127932875e+00,-2.055120546944695814e+00,-2.457786423631521888e+00
5.371606572672915192e+00,-1.724232742310653599e+00,-2.260992491483752254e+00
4.607608512676670820e+00,-1.134839613709875961e+00,-1.996047379857958992e+00
4.607074120258493721e+00,-9.686950789253212513e-01,-1.835468979435208592e+00
4.045166907750509466e+00,-1.126846944571580300e+00,-1.114032566064721452e+00
4.064261301912337032e+00,-1.531974680114021048e+00,-1.651698340076212190e+00
4.387989478593296688e+00,-2.050471297040891816e+00,-1.654994142216210884e+00
3.895612498796835688e+00,-1.925838479421100535e+00,-2.519033740172261115e+00
4.357151312187864001e+00,-1.348979003755309991e+00,-1.966518953914554224e+00
3.533812088718506050e+00,-1.185709268716010456e+00,-2.560701782550436345e+00
2.537988938072080813e+00,-1.808849622826708803e+00,-3.681860524272374757e+00
2.108164470313116379e+00,-1.249574599644944994e+00,-3.531583275418931134e+00
1.403813989017901109e+00,-8.501919425688717613e-01,-3.884304077278362133e+00
1.755614179155682075e+00,-1.374876853834812174e-01,-3.936136838913782299e+00
1.660841706583301214e+00,-1.749972833070480294e-02,-4.194515193010341036e+00
9.164001129108207966e-01,-1.498597739034538967e-01,-4.284248840352317345e+00
1.276624193686375142e+00,-8.196934202557539795e-01,-4.425069048302502139e+00
6.799152249782691726e-01,5.364488993839681141e-01,-3.956233314591465433e+00
3.362048038916191084e-01,1.067693458210547064e+00,-3.231049520418426191e+00
4.736661455696913325e-01,1.440776158443604071e+00,-2.869919652537714416e+00
1.509521995292062713e-01,1.484857505104631770e+00,-1.534890795135455788e+00
-9.130860519331018832e-01,1.988717154217231275e+00,-1.381273446220734114e+00
-9.966008211703800690e-01,2.539393572132403687e+00,-2.123135145241732413e+00
-1.363700191813046469e+00,1.474693100022326009e+00,-2.110138128688635373e+00
-3.570784071917931790e-01,1.816729429541602547e+00,-9.903087021058664119e-01
-8.731444034154095535e-02,2.352226367999857182e+00,-5.206389958432842135e-01
-1.347030084743038592e-01,1.787348865031289868e+00,-1.448717188605196937e-01
-5.475031566608464795e-01,2.017058329633993452e+00,7.503902569952494161e-01
-2.638643491874658187e-01,1.659965309599297889e+00,-2.483229712367736874e-01
-1.570424314796590171e-01,2.480652276021615421e+00,-6.085751540874722032e-01
-1.513670144561962472e+00,1.549693661716371462e+00,-4.809543230121513524e-01
-1.315384386552743923e+00,1.754568803109328723e+00,-9.838772689806494220e-01
-2.193163139463507161e+00,1.810519862956360138e+00,-4.242983814511054885e-01
-1.826143618562762860e+00,2.495323603525728906e+00,-1.081530229088915940e+00
-1.817522230785551418e+00,2.840432148740463347e+00,2.433547054335803983e-01
-1.779483029086677659e+00,2.849543262691291545e+00,-4.114207350573811928e-01
-2.266774292240230526e+00,3.167487626326677130e+00,-6.749585986491951628e-02
-3.029520836672084272e+00,2.854794280641628657e+00,9.738306265850327215e-02
-3.187304515839939345e+00,3.542518815161100232e+00,-7.490016733505126811e-03
-3.356767972798877064e+00,3.817216817320171707e+00,-6.795885704189528198e-01
-2.952402337543657662e+00,3.909526149124954220e+00,-4.754912208864220391e-01
-2.299240771714391673e+00,3.487088307403808152e+00,-1.032192121458825662e+00
-1.675967175969946377e+00,3.165160152167421082e+00,-7.716368966381025318e-01
-1.714191008592546028e+00,2.863675486730151487e+00,-7.098319664707239962e-01
-2.924903916202225673e+00,3.128419824056623888e+00,-8.097831629587461943e-01
-2.103489813196307789e+00,2.822883385022097347e+00,-5.559528409110903180e-01
-9.171774832484430595e-01,1.674622564250298318e+00,-2.078508255933722570e-01
-1.191328777384852877e+00,1.748186444436295339e+00,1.745473257119548038e-02
-1.611381488948183005e+00,1.938820169479565703e+00,2.306421051873151773e-01
-2.007612129595868655e+00,2.055232882500244163e+00,-1.496759561599053656e-01
-3.637002265098152609e+00,1.523987375550810652e+00,9.680625290351704271e-01
-3.143030329105570786e+00,1.732514211409221350e+00,1.843404317409909288e+00
-3.019975001096100620e+00,2.024926837219406917e+00,2.488287258728154150e+00
-2.645523709579884919e+00,2.740250448920737547e+00,3.285799735708619274e+00
-2.656497796130010691e+00,3.104052414401067939e+00,2.612260135044213172e+00
-3.176597694211531042e+00,3.413531380870388432e+00,2.585094535040013852e+00
-2.376087600313729897e+00,2.643560114261784832e+00,2.977361206388094317e+00
-1.943275217135920219e+00,3.356289261102419541e+00,3.078304987698925466e+00
-2.401429764724758886e+00,2.342244003156879639e+00,1.862587814490550109e+00
-2.641250296835391698e+00,3.277866798032970763e+00,1.281103113495590806e+00
-1.660849713273195860e+00,4.220358489454784312e+00,1.216088459743732253e+00
-1.703186786045502332e+00,4.737727447207795706e+00,7.771414925880358870e-01
-8.060597061959026144e-01,4.172292633050605382e+00,8.930850370191345533e-01
-1.922082343469195542e-01,3.877242825077789501e+00,1.271482590160351700e+00
-4.667687512841902642e-01,4.272194995050571542e+00,1.587560323003783580e+00
-8.977659210766944509e-03,3.892158757793036106e+00,7.889712462178481989e-01
8.371273458334829165e-01,4.025833706110900856e+00,3.433342801342919026e-01
1.825388239049848593e+00,3.595983347496863658e+00,1.401666506528425338e-01
1.602284434289610759e+00,4.274745581067524114e+00,-6.725542856866367769e-01
2.524251146181364813e+00,4.129425431755669784e+00,-8.306685891699896462e-01
2.333591813983275198e+00,4.588707484479183307e+00,-1.527529307161326733e+00
1.917227089278444652e+00,4.445736810208835266e+00,-1.293271582090279148e+00
2.227150077146011320e+00,4.357000600468758478e+00,-1.210782982074875891e+00
3.027436284980777437e+00,3.517230125742248692e+00,-1.467632809428718099e+00
3.717889358468903893e+00,3.340561138622672122e+00,-1.444074424906556464e+00
4.400854001659682879e+00,2.736877317639351492e+00,-9.564138302123015301e-01
3.557052044854861705e+00,2.558790657741975227e+00,-7.701367902109627073e-01
4.061160610075506661e+00,1.815082996869391785e+00,-1.339277346783465772e+00
4.210293278444189546e+00,1.193213701616097522e+00,-4.254402849891328331e-01
4.049766561103636420e+00,1.174468068966152412e+00,5.971820725521843620e-01
3.510873785151495952e+00,2.512021065283395860e+00,9.633970959480040452e-01
3.608394766205786031e+00,1.934735331913790768e+00,9.177785230571291475e-01
4.250215572144049325e+00,2.963903508285994803e+00,1.021350927910447126e+00
3.337066144513525678e+00,3.132288208545289887e+00,5.912823630111818662e-01
3.230995092194294926e+00,3.420379590987079776e+00,7.285647248859495884e-01
3.683319053146330457e+00,4.671623279622293623e+00,7.804464658259810950e-01
-4.257597580162916229e-01,-1.785373170706503698e+00,5.712370022134011016e+00
-1.821505486515739014e-01,-3.173396440386635931e+00,4.920822639711841973e+00
3.276318494586271113e-01,-3.578138095056299317e+00,4.865709744302249007e+00
5.982647082522979387e-01,-2.870265878576945262e+00,4.833936336761843755e+00
4.203666659699575314e-01,-3.089663176789966936e+00,4.760136846565146129e+00
-3.002434303906387769e-01,-4.214082766269259928e+00,4.421512500578521632e+00
-9.605481731615733709e-01,-3.667851947210054586e+00,4.314691543530651430e+00
-6.107572639329025277e-01,-3.442568578333735196e+00,3.583618078630099291e+00
-7.028240011921941255e-01,-3.052567647742621126e+00,2.608580252096157626e+00
-6.824182419017700285e-01,-3.414547918627815815e+00,1.924614646137082996e+00
-3.376632496662305138e-01,-3.257745294287034188e+00,1.823918607352031707e+00
7.761230520855763593e-02,-4.125282850049275751e+00,1.822473026004374219e+00
3.870172574626752904e-01,-3.044991366085976647e+00,1.931997094418852923e+00
9.835419978809250008e-01,-1.488442184034536986e+00,1.992960587884545332e+00
1.272415730018132463e+00,-2.046511618335800975e+00,2.089592396093820525e+00
1.043151593903176355e+00,-8.709120178523039879e-01,2.225250612616901602e+00
1.192245135322003158e+00,6.577698146091824627e-02,2.062002456596717437e+00
1.555578727942767969e+00,-5.607045523665377118e-01,2.270177810255731288e+00
8.353466520596252165e-01,-1.068519867197141648e+00,2.005839412024408297e+00
6.778109488007425520e-01,-1.167270812897037935e+00,2.765869606340243259e+00
7.072413374490291171e-02,-2.405236709433851150e+00,4.136799249892926689e+00
2.917605560554512034e-01,-2.189524003157282017e+00,4.182671900662707110e+00
1.481467416112693503e+00,-2.214078689075519968e+00,4.012372484330223088e+00
1.702034220401080322e+00,-2.117714716684511611e+00,2.757396827108635762e+00
1.400909321791202533e+00,-1.381082315826159590e+00,2.332734901694703655e+00
7.773788167364512613e-01,-2.275146003685625917e+00,2.517146013390207049e+00
9.272672635174682432e-01,-2.409906864005119775e+00,1.342059995384889293e+00
7.054953802248835615e-01,-2.240929232580338049e+00,5.063531838603678725e-01
1.026055366176723105e+00,-1.817435797732041447e+00,9.637826308138774944e-02
-4.393092510080933710e-01,-9.782803985285211112e-01,-1.134140815264556457e+00
2.804301289259340801e-02,4.611820638522497184e-02,-8.365724456194866265e-01
-1.704622351572839256e-01,-5.873597594902056906e-01,-5.428647253136434925e-01
4.236934668365885392e-01,-3.411091264341664653e-01,-4.881627377641205578e-01
5.602022029671518411e-01,-5.600000793507988739e-01,-1.510920242287125403e-01
1.271741436394895411e-02,-4.772773832258493942e-01,5.604914808963260553e-01
-1.114316088366752305e-01,-5.355261903543517832e-01,6.929228913119631628e-01
-3.617794917460721571e-01,-9.486123241726053257e-01,6.595329520262508405e-01
-9.035609006428623191e-01,-3.884663903256416750e-01,1.698598305611185522e+00
-2.673544018199108252e-01,-1.706521411536948474e+00,1.487272824217862555e+00
5.702147971284263761e-01,-1.271881640143930126e+00,1.359434886736909709e+00
4.744861863139319680e-01,-2.879070447402332533e+00,4.278656919393171165e-01
4.293697012307685634e-01,-3.197502543735317282e+00,1.697657020682654672e-01
1.376581620739901757e+00,-2.782235885401597830e+00,2.224578808655008899e-03
1.701098688502600043e+00,-3.287607736131433978e+00,-1.924595353051090085e-01
2.299663750422886732e+00,-2.492599937275662647e+00,-1.222886897108659277e+00
2.172932294489906990e+00,-3.130498624453428747e+00,-9.183540179447402529e-01
2.133580177894165875e+00,-2.825622141861180658e+00,-9.519294463002545559e-01
1.961444745039111925e+00,-2.534205290704793612e+00,-4.354651221390927751e-01
1.802838424273934592e+00,-1.900681788865609345e+00,2.944998948941168759e-02
2.172083918870373331e+00,-2.076135566519524467e+00,-1.037790504918879864e-01
2.783002425110886691e+00,-2.089293827281338611e+00,3.977606379349076793e-01
2.987596502645199603e+00,-2.402709552622323663e+00,5.920469999161176444e-01
4.120346409069292726e+00,-2.967966220737783711e+00,9.167185331518920011e-01
4.304062755937580143e+00,-3.389072000731408796e+00,8.091572519216569948e-01
4.258655507254145434e+00,-3.788953108192350872e+00,1.103622027018655860e+00
3.886123675085814799e+00,-3.156489932596440617e+00,7.782326423215483180e-01
2.969671153947164743e+00,-3.418697451844821877e+00,1.757147631245190578e+00
3.038989758733848578e+00,-2.911393243699338829e+00,2.008699538440636978e+00
3.168810065944074328e+00,-3.580013287729741922e+00,3.972717032130863024e-01
3.093259929079750670e+00,-3.326882011558485619e+00,4.209575424108650266e-01
2.455110110998923734e+00,-3.686657826789437653e+00,7.468313751656147081e-01
2.023322937482020301e+00,-3.318461500301701061e+00,-6.794498970092383017e-02
1.760215374467312799e+00,-2.744978634927564887e+00,3.051583625790565968e-01
1.829946496575718617e+00,-2.769729627957386420e+00,-2.486076570794603091e-01
2.351803375887232761e+00,-3.469413553774464809e+00,-4.179638050221746726e-01
2.335121260273610666e+00,-2.039639773028979253e+00,-1.423247472028683625e+00
2.144528909431468122e+00,-1.085229194345613601e+00,-1.419952753968339199e+00
2.228221178962171756e+00,-1.521693101249611990e+00,-1.293387147892621103e+00
4.333343427977329299e+00,-1.460010193213616247e+00,-7.883404931294689666e-01
4.375608355686702922e+00,-1.438752280505850800e+00,-1.161826973807965624e+00
4.415820343891239119e+00,-1.575513561298053311e+00,-7.155292009345219917e-01
4.604188659980070319e+00,-8.452505570760783238e-01,-7.112503548990884994e-01
3.947280186171757688e+00,-6.520484714573501206e-01,-5.468851312707636581e-01
3.423973780457133742e+00,-6.766632787773406710e-01,-3.350422351981647839e-01
4.035599352705862231e+00,-1.157231656351685345e+00,1.977577784077538814e-01
3.458723287733833196e+00,-1.329461392351776405e+00,6.347463944443679229e-02
3.567001327509730313e+00,-1.779230605548584920e+00,-4.040059134793338447e-01
3.975788340960861422e+00,-2.618501099404744181e+00,-4.180825958563469391e-01
4.521403696972113195e+00,-3.117591000477773822e+00,-1.535784975035972832e-01
4.069052575689208417e+00,-2.637369929643270883e+00,-5.478470040666912899e-01
4.127731238720039109e+00,-2.348625980605617780e+00,-1.342884623054376725e+00
3.832027541462168951e+00,-2.045292950562823453e+00,-1.007452129226065862e+00
4.313709118062572401e+00,-1.628353255854991799e+00,-9.910722781338981990e-02
4.929534789655604321e+00,-1.960360467540689822e+00,-2.852095440977531204e-02
4.974705140959803096e+00,-1.864010878726946707e+00,-5.935098561118291594e-01
5.696516744065056592e+00,-1.184376009183976786e+00,-1.465247574117041651e+00
-6.796030540771674788e-01,-5.491443027749447481e+00,-2.319955422388751742e+00
-3.961950127695169077e-01,-4.704391391272835676e+00,-3.790914631784260802e+00
-1.837906076742055417e+00,-4.022652924737962543e+00,-3.775641319721388278e+00
-1.969870615625139099e+00,-4.171457571619835214e+00,-4.135864950815617114e+00
-6.517077462029101653e-01,-3.164710440459404861e+00,-3.792193193207790802e+00
-1.229646814524545384e+00,-1.775004561580599161e+00,-3.298116550273225478e+00
-1.071074211083212768e+00,-1.453687331288062712e+00,-1.915214489553469290e+00
-9.271212522080672924e-01,-1.460417548973565127e+00,-2.662047510148639162e+00
-1.030021889203028396e+00,-9.725017123526067397e-01,-1.515500792836828925e+00
-9.468920076233124927e-01,1.379208684827875619e-01,-1.051782115182883670e+00
-2.008745580170980261e-01,1.185080227862477242e+00,-1.419645880905615165e+00
-1.291856113216356405e-01,2.130825611759766591e+00,-1.601463755869533490e+00
-1.075755359547591272e+00,3.000307117741054075e+00,-2.055286440143637705e+00
-1.029250162668654767e+00,2.267863717541476642e+00,-1.705326638300009190e+00
1.105700508819347366e-01,2.068785422699124688e+00,-1.627079421682533278e+00
2.936213245184230991e-01,1.624686325881410154e+00,-1.465872318174672229e+00
5.606599944312038453e-01,2.209393926844104072e+00,-2.228434227488136798e+00
9.195526907312165932e-01,2.577770460207243985e+00,-1.984912396946434843e+00
5.580663853794812779e-01,3.797612591246086744e+00,-1.705854588323495458e+00
4.245129558983734008e-01,3.971239812379650402e+00,-1.990638229293602457e+00
8.279112992099318946e-01,3.282855340197784244e+00,-2.487360704106306386e+00
4.312043003211583625e-01,2.953960101837697305e+00,-3.816430313839421107e+00
-3.187714493051858611e-01,2.491986291810873944e+00,-3.892970181696308263e+00
4.517489622089786994e-01,2.137174384188572418e+00,-3.800189608204585845e+00
1.423174378172667787e+00,2.497356016088179143e+00,-2.808611237505964198e+00
1.156408453832757477e+00,1.327499041185830952e+00,-2.822041828548901510e+00
7.109933624131006269e-01,2.235919779898356552e+00,-2.875070552084897368e+00
1.548783394319553697e+00,2.090237205266344489e+00,-2.524853840971286623e+00
1.098043549035494060e+00,2.207738173379384161e+00,-2.789754450007031927e+00
2.177344369513451450e-01,1.491789754659955225e+00,-2.374879258687924821e+00
1.342269249823626387e+00,1.858082807107165335e+00,-3.011059228278539557e+00
9.351884894538728954e-01,3.421197056689578853e-01,-3.646478221421296517e+00
7.048181252844787359e-01,8.136574537163079324e-01,-2.838132927792752280e+00
5.954105673250728037e-01,1.975116360601686383e+00,-2.901747062313308589e+00
1.597770228001798021e+00,1.320959372715097224e+00,-2.443816186012277569e+00
1.121313816895747939e+00,2.482299124392474798e+00,-3.255087681686113843e+00
2.359256716628207684e+00,2.279504091950864009e+00,-2.028599045519968058e+00
2.490817993035329803e+00,2.778273980553350953e+00,-1.980609883499280910e+00
1.574317640527979512e+00,2.676100427146122840e+00,-1.556035376674339554e+00
1.611009316140758374e+00,2.566338054150381076e+00,-1.728243548021384912e+00
7.684525060353465387e-01,2.770704145279624608e+00,-2.221107644264248560e+00
3.543647164963642515e-01,3.106087527893251821e+00,-2.459708610809389295e+00
8.232253432375026270e-01,3.479983026429201320e+00,-2.181279635065788369e+00
1.751610707282906576e+00,2.245329030346915555e+00,-2.111940240751958964e+00
1.420918547640238394e+00,2.214929694486692302e+00,-2.036345828496866961e+00
1.761749905965755314e+00,1.958231470288704035e+00,-1.949007944447011198e+00
1.888872126140434649e+00,1.824205669282289222e+00,-1.816680845954307122e+00
1.545412985266620520e+00,2.770722800142125131e+00,-2.218798336610412925e+00
1.026702391927972080e+00,3.271647169115497356e+00,-2.716369541874099180e+00
1.328651922695316845e+00,2.632976517178950981e+00,-2.755478943135957870e+00
2.173554380893729654e+00,2.148535169297049574e+00,-3.115870572381289616e+00
1.522185741034990603e+00,2.222706398846389764e+00,-2.715326253911130028e+00
2.123819793709845527e+00,2.472935770004254241e+00,-2.235110732206937900e+00
2.403822029466247567e+00,2.409093764263289028e+00,-1.718738731999297054e+00
2.265321303037441503e+00,2.063499056753241856e+00,-2.263491246667541201e+00
2.657007266294532322e+00,2.528535285787343767e+00,-1.519775834077700116e+00
3.078991598642657479e+00,2.159607367768760167e+00,-2.206495663310063193e+00
4.058100220045435691e+00,3.074805366986153921e+00,-1.952390352755886571e+00
3.696219809884706553e+00,2.701335249476445544e+00,-1.501735752281831093e+00
3.093905525814463875e+00,2.239483918240583016e+00,-1.319510758054988742e+00
2.520696270581264109e+00,1.776127056291210149e+00,-2.242957785507002644e+00
2.873888254098742490e+00,1.571763089982019634e+00,-1.972354504043120516e+00
3.387817623505245734e+00,1.720016372163521545e+00,-2.403304521609953781e+00
3.067962544339302156e+00,1.333479181715861994e+00,-2.119592081031445030e+00
3.427685430417370060e+00,1.581643289902430860e+00,-1.930307038503267236e+00
3.719171686759134676e+00,1.569449505507723774e+00,-1.320883869665373300e+00
4.046667880477590629e+00,2.159995611053795894e+00,-5.144983887939118539e-01
4.857045214908636055e+00,2.365950579836120227e+00,-1.614492597130565477e+00
4.634305272926523500e+00,1.670954693270030100e+00,-2.066843312031999780e+00
4.073790613755021717e+00,1.571389193264930428e+00,-1.561694037884101993e+00
2.655830103743844539e+00,1.999330634806100848e+00,-2.145725761278394206e+00
4.012702249977318836e+00,1.668005423233040574e+00,-2.488069667427766252e+00
3.931263815012155938e+00,1.294585080484176753e+00,-1.093417250569944876e+00
3.984806554131018252e+00,7.881269084683977244e-01,-1.416153443344244423e+00
4.642457625145106626e+00,1.988127597595041041e-01,-9.581170481433238795e-01
5.081208246442110443e+00,8.550758245612380959e-01,-1.439993541068459004e+00
5.003892234750092705e+00,2.168930349124100765e+00,-1.741362310789202894e+00
4.546238406149813116e+00,1.477868779045465208e+00,-1.953423552045308931e+00
3.797181376366649097e+00,1.732400335875913910e+00,-2.226207373437557369e+00
2.971349457746610856e+00,1.433887445281131434e+00,-1.988527919426816615e+00
3.290150159747229353e+00,1.934589714295113616e+00,-2.484266949280549586e+00
2.827286158872655886e+00,1.553173901091134290e+00,-3.045477867110584658e+00
3.631535351972245973e+00,1.883941036040996053e+00,-2.670639443643615163e+00
4.245109304789411730e+00,1.831779305213956821e+00,-2.271719718936330956e+00
4.924622882580948158e+00,2.157101139086460062e+00,-2.128568191980290791e+00
5.096177623037779547e+00,2.706528305958471048e+00,-1.644286521107124477e+00
-6.617265488714707544e-01,-1.245938440585379281e+00,-5.831788351508509827e+00
-5.292007427782667861e-01,-1.049918333243699875e+00,-5.961387603672859470e+00
-3.003927473230995626e-01,-1.089756481740375316e+00,-5.748845854140374634e+00
2.857789728104905280e-01,-7.070552303756818535e-01,-4.669200110070304000e+00
-2.046455955963324413e-01,-6.265650278995206213e-01,-4.543961808314897155e+00
-3.014578411316740647e-01,-6.172948375789306663e-01,-4.059134725619541584e+00
-9.260200994183149792e-01,-9.319010254357531498e-01,-4.071328824017139247e+00
5.637174895602981017e-01,3.352249248457633835e-02,-3.766286315803075713e+00
3.397848730667548667e-01,6.525435930225195191e-01,-4.093424424275290185e+00
1.705861347306459608e-01,9.318424786857866238e-01,-4.466001702372926374e+00
3.130872743854831719e-02,5.153597169810408829e-01,-3.721126483682807073e+00
1.702703274325218785e-01,4.817466035892524479e-02,-3.669828782638662634e+00
4.421391146243070502e-01,7.242882253750047017e-01,-3.553773847536615182e+00
2.615443862119974372e-01,1.001755879879630218e+00,-4.246400090548910988e+00
1.376763465684997800e-01,1.728964120971763885e+00,-3.843698827589749900e+00
2.749975422912475098e-01,1.568409016505449616e+00,-3.899406724784503453e+00
-2.696796060146696150e-01,2.087910413430537293e+00,-3.507531020227008689e+00
-8.807489820481557707e-01,1.662846898723489453e+00,-2.663671507666521165e+00
-5.635833967292841473e-01,1.726830415820347131e+00,-1.638623757383555146e+00
-7.469071844277894723e-01,2.809297463088022972e+00,-9.224048233879729164e-01
-4.084473540375039846e-01,3.413127879574859413e+00,-9.916941157491150349e-01
-1.285975912523809939e+00,3.064066877005123146e+00,-3.604072253536090842e-01
-2.234958432548580731e+00,2.996443536356211634e+00,7.009587635060975375e-01
-2.851827055421540358e+00,2.662824136184643198e+00,7.323643051128655990e-02
-3.237255981410975814e+00,2.676254092211372893e+00,1.030154911058067252e-01
-3.553947224903686308e+00,2.272859728149326575e+00,-1.159135524398918538e+00
-2.403034129040550582e+00,2.387617383810364924e+00,-1.070694778534912572e+00
-1.502440285962027167e+00,2.744441822284378496e+00,-1.170434220835847805e+00
-1.418976886435208806e+00,3.043250054312247599e+00,-8.556795979342648462e-01
-1.203302009543183448e+00,2.560803917995063017e+00,-5.883804747353698072e-01
-1.066678523571346515e+00,2.184690740220013083e+00,2.733280890175238120e-01
-1.477875099163846739e-01,2.613773500189767063e+00,1.126066524894695720e+00
-3.306214705224868045e-01,2.652127863599241575e+00,1.322012006988452670e+00
2.568877671783837413e-01,2.658015906545011742e+00,1.123035492214984110e+00
9.808124051049162961e-01,1.603957364021501908e+00,1.228797635558336099e+00
-3.539181817144112369e-02,1.917035553332876008e+00,4.882626075744323502e-01
1.356552861979618330e+00,2.993941719750583541e+00,-6.526632795933984266e-01
1.212586514151708705e+00,2.486117169948517169e+00,-2.923528022277693816e-01
1.903766154984267933e+00,2.032435316964394278e+00,-4.762877614798454173e-01
1.681551044346183854e+00,1.539496141446484945e+00,2.794648360445239899e-01
2.320853418145092828e+00,1.602465334208421188e+00,-2.800213886875920766e-01
1.973346538515351245e+00,1.205589838983416984e+00,-3.896575926336035001e-01
2.893761284555434354e+00,9.827127311074761451e-01,-2.494811282376539763e-01
3.389750662803543868e+00,1.498569119398180494e+00,4.927392539127067872e-01
1.998768555111013479e+00,2.202946715159908475e+00,5.465983121580777482e-01
1.651440937551455823e+00,2.777247026562469134e+00,1.535712470275867880e-01
1.256256986576265167e+00,3.006278342541659931e+00,5.345071644973741209e-01
6.775332127354090073e-01,3.508384335721066005e+00,3.689099631978242644e-01
-1.463383007501898314e-01,3.706743203625316951e+00,7.644935881744439055e-01
1.561476484726331548e-01,4.566268365311470845e+00,8.422740852106732623e-01
9.536851182747781153e-02,4.033983896315144868e+00,6.288132857161974343e-01
8.981988900475342819e-01,3.370648754872814123e+00,6.846723515244196312e-01
1.258974363195756396e+00,3.624925662030797469e+00,2.069977747272136792e+00
1.755229013343331479e+00,3.275305119415010235e+00,1.172152548972140940e+00
1.930179422893665064e+00,2.736010560202530861e+00,1.661671293315411191e+00
9.726227299796523784e-01,1.300398567628782143e+00,1.494441476567131222e+00
1.438483295357570191e-01,1.992388056944068175e+00,9.418513449690846251e-01
-9.108032969975355941e-01,2.651006800942338426e+00,1.437527636343766790e+00
-1.729095313562543090e+00,3.075304584868932878e+00,1.071264202315446390e+00
-2.222250644717256751e+00,2.465924834159644252e+00,4.304393229632283990e-01
-2.997194737498120265e+00,2.072027900379897147e+00,1.121518954530625223e+00
-2.514201102695318379e+00,2.300910396987505546e+00,1.903429251674538358e+00
-1.532233430620184800e+00,3.063598077443754786e+00,1.394948227092555948e+00
-2.524947681490570695e+00,2.354313004751687366e+00,9.526392650923926064e-01
-2.445811819978609858e+00,2.447870932062102600e+00,6.490540343295647663e-01
-1.672562836531627406e+00,2.039216674433131260e+00,1.649049247033429033e+00
-2.296887035928372622e+00,2.161852240185590190e+00,1.037712650561706473e+00
-1.980507625359433366e+00,2.121954461134183401e+00,1.031160078160143767e+00
-3.190491483135986073e+00,7.017317343252387207e-01,1.170507974210096336e+00
-2.173487769031145156e+00,1.172647132902786771e+00,1.648440404297319084e+00
-2.441624634906311542e+00,1.326002598889425954e+00,1.918466772989471325e+00
-2.457853664493005574e+00,2.756686071890406708e+00,2.130255077343325976e+00
-2.598084012149757260e+00,3.102585178540309574e+00,2.528472060644584740e+00
-3.191184744955468222e+00,2.880655181317777203e+00,2.567860581587378288e+00
-3.003082420580282630e+00,2.185127280973884645e+00,2.541787940356087017e+00
-2.760867888703070427e+00,9.216971578216389682e-01,2.145210918045826975e+00
-2.811966740606014259e+00,2.832811933573022023e-02,2.457126138545435712e+00
-3.277731724594254548e+00,3.286842804293119702e-01,2.561598788082004141e+00
-3.095992318805173671e+00,1.430934574274767224e+00,2.520531154689726883e+00
-3.238251375723736114e+00,1.642224670048250124e+00,1.948652472859325968e+00
-3.501695826417361435e+00,1.657962869944126227e+00,1.134095182260300705e+00
-3.527892284660390398e+00,2.446999904521217406e+00,2.980314007201476101e-01
-4.068133304306337905e+00,1.851638632562287112e+00,2.756071693658899702e-01
-5.335376049386652220e+00,1.669968018445213698e+00,1.169347272814003746e+00
-4.408329242537049275e+00,2.338100850667282682e+00,1.878050561666515073e+00
-5.119968402238558980e+00,2.211523173762732775e+00,2.212484759719069327e+00
-3.203763498533580556e+00,4.645505903766363076e+00,-2.038424475798831903e+00
-2.822897389793932899e+00,2.722118219880756751e+00,-1.846818431595530940e+00
-3.350687901092233467e+00,2.459859045047987358e+00,-2.010395553556973969e+00
-3.469262907936928819e+00,2.965530514152232122e+00,-2.893655071392898570e+00
-2.838686246176912675e+00,3.476258990436231322e+00,-2.968043063010068927e+00
-3.074797890851089566e+00,2.342483589957996326e+00,-2.713667022603186041e+00
-3.075850551826880164e+00,3.266930825925757009e+00,-3.418228335220483860e+00
-2.578727207234864149e+00,2.863667208527302055e+00,-4.149942998998279897e+00
-1.729224970821573892e+00,3.581942466280029436e+00,-3.905644860337796676e+00
-1.586837674950866972e-01,3.546805631654853741e+00,-4.852767849124475674e+00
-6.550882117239560654e-02,2.970527897587257549e+00,-4.459886939375825143e+00
-7.823482704395137710e-02,2.627919610467994271e+00,-3.713591547348834343e+00
-6.101698354832056914e-01,1.289843586937190700e+00,-3.700201091773809736e+00
-1.022340147828860069e+00,4.095257717810869003e-01,-3.389413789710651326e+00
-5.078001611784508373e-01,-1.165280578989504323e-01,-3.052686047561653293e+00
-1.606107495938327023e-01,-1.049463980696730747e+00,-2.983762909886951142e+00
4.341427532425409797e-01,-1.485993162898360920e+00,-3.173363327347594964e+00
-9.900710920485922273e-02,-1.298606355194231732e+00,-3.294117465002113665e+00
5.458148593998644049e-01,-1.649146407891237454e+00,-3.405465962935222191e+00
1.329302946991899548e+00,-1.490797742218393562e+00,-2.941082758242335338e+00
1.295822962906402864e+00,-1.671239015602120848e+00,-2.006141026167929997e+00
6.390579866857266644e-01,-7.312595261517216283e-01,-2.286118358758718383e+00
6.041002795106883427e-01,-4.136014322281239552e-01,-2.133226811095444209e+00
3.987445461691818127e-01,-2.579402190937877259e-01,-2.921373672517682429e+00
-6.743959116917063179e-01,-5.887791914978094537e-02,-3.684699262338353432e+00
-2.478459347997139794e-01,4.715945521419552533e-02,-3.702875015433993777e+00
-4.580149859772496557e-01,-4.478762030418383389e-01,-3.853633419141639482e+00
-6.312803524789302179e-01,-8.561062945038312444e-01,-2.634865688299927289e+00
-7.668523293691401621e-01,-2.238796231708521933e+00,-3.242969969043031142e+00
-1.419875156988328557e+00,-1.931296789143068127e+00,-3.611935142754552075e+00
-1.421118616738965557e+00,-1.349360098126850316e+00,-3.536977116202105975e+00
-2.300171363933290358e+00,-5.575790846810934065e-01,-3.438360677168374568e+00
-2.300527688868519327e+00,-9.783333751834971670e-02,-2.585200698793221896e+00
-2.218026294877970983e+00,-1.926637021573312236e-01,-3.321951662291313667e+00
-2.186141364803647846e+00,3.470116945143979503e-01,-3.987938051545463658e+00
-2.392146173834421408e+00,6.135249488456557820e-01,-3.782085530471774870e+00
-1.828595060605523903e+00,1.423872168065603683e+00,-4.411241404985918990e+00
-1.995391787123337979e+00,1.073336682324790958e+00,-3.533400036832019531e+00
-1.612413992981967636e+00,1.039460294506525662e+00,-3.609875825241020575e+00
-2.327961308295595444e+00,8.283744243263344575e-01,-3.623741288099122659e+00
-2.596222803616119901e+00,1.403909352025797030e+00,-3.365274416605303909e+00
-2.890877590742782388e+00,1.574081775693454421e+00,-2.456155466286720657e+00
-2.193437330984273181e+00,1.562721227546493896e+00,-1.882353135155586665e+00
-9.827671331422197509e-01,7.709428590348884613e-01,-1.899978476582054210e+00
-7.755393258122561528e-01,9.320700886252297757e-01,-2.770266006452762664e+00
1.659180887187912679e-01,2.331332433519742731e-01,-2.589157788841267127e+00
1.279718455183196102e-01,-2.421805812651811329e-01,-2.453150183338757451e+00
3.343921316658017839e-01,-5.689554607013809218e-01,-3.035728251825157376e+00
9.621151083219177391e-02,6.184518862003055006e-02,-2.984105824116457306e+00
-2.193031982948112080e-01,-3.506736846460130341e-02,-2.360488685435983669e+00
-1.304677950114015772e+00,-3.142201970939648842e-02,-2.805619222694314185e+00
-1.354770112410687899e+00,-6.325439095903443443e-01,-1.515468466832438299e+00
-1.664390158476179549e+00,1.396296452635512608e-01,-1.653822527846487977e+00
-7.983901933780094273e-01,-1.646445806905246778e+00,-2.246914100232843214e+00
-1.881607624139389312e+00,-9.611349947407589189e-01,-2.253048197370610239e+00
-2.238245974303544550e+00,-2.262683949203936618e-01,-2.497412893359739705e+00
-1.775935202884412645e+00,-6.093763627389405801e-01,-2.280620055926914080e+00
-2.206118860191036202e+00,-1.413537939352947470e+00,-2.260104619919287572e+00
-8.440911613006587544e-01,-1.811715763656151390e+00,-2.084885489724345842e+00
-8.697753653950773822e-01,-2.247177622657361429e+00,-1.894530725132287818e+00
-8.190316326532015578e-01,-1.874492773039872828e+00,-1.318884233253237115e+00
1.434130273414838466e-02,-2.271804754864625409e+00,-5.280082951731055463e-01
9.281576347421842677e-01,-2.291205322710571757e+00,6.260898453977703504e-02
1.262922755014640019e+00,-2.705986498746164592e+00,-1.667014553249226427e-01
2.465749251432596267e+00,-2.626795876180318068e+00,-5.874525842221833827e-01
2.785259258190398324e+00,-2.883657657746065972e+00,-6.739701864499503259e-01
2.745642409352100355e+00,-3.258893315568994531e+00,-1.216894542241920840e+00
3.218942252784234626e+00,-1.862931275247767360e+00,-2.078411714222518025e+00
3.540969118417354178e+00,-1.543774087802214590e+00,-1.254285165028002469e+00
3.971891617106037220e+00,-3.521140725986065534e-01,-7.875783573740080534e-01
4.272389635693800258e+00,2.212381368486401323e-01,-1.763870700605525199e+00
5.065910643267177882e+00,9.091234057568848836e-01,-1.579024347704357956e+00
3.985530432134923196e+00,9.148716772515326223e-01,-1.242666450739494444e+00
4.681553702098121938e+00,7.059157070950861090e-01,-1.206330415970908732e+00
5.045721833754761576e+00,2.010678578535687183e-02,-2.776296628600539940e+00
4.352626133988173329e+00,4.303904187081065702e-01,-2.335585714306729344e+00
4.225701440268283093e+00,4.735775970714937722e-01,-1.562050494716764826e+00
4.282130488005734925e+00,-5.436591627933402560e-01,-1.018591747297944883e+00
3.674690590844237992e+00,8.574474479431780649e-01,-1.618457065411013973e+00
4.249772986056187030e+00,1.228776124589129548e+00,-9.501399480821378640e-01
4.297860522480201340e+00,1.879507757726222250e+00,-1.269579871999215737e+00
4.228565632676528629e+00,1.028986597812878712e+00,-1.071721817569703639e+00
4.280876137504171730e+00,9.412097329119497591e-01,-1.064072310091411344e+00
4.879459194097653274e+00,8.947812709592248837e-01,-1.845250920745134859e+00
4.876838798625053428e+00,1.253350519480854963e+00,-2.636794398690821772e+00
5.073774943655076974e+00,3.200438476782258013e-01,-3.186593754575759885e+00
-1.613470599273748307e-01,5.723113407122119023e-01,5.970462867780435445e+00
2.554874481063590386e-03,3.391172900856112005e-01,4.513311696432414699e+00
-5.490573628671716611e-01,1.476154779095806557e-01,5.067072572081522175e+00
-1.180429316730051470e+00,-2.316719491596058722e-02,4.449902327402114999e+00
-1.048432716234152240e+00,4.808911348449648737e-02,3.938220236744294223e+00
-7.695334573235182996e-01,-5.806087293394601723e-01,3.015415261162155414e+00
4.385566009126750098e-01,-1.355571508269090564e-02,3.675941033857839990e+00
1.389999846921109894e+00,9.216286720474025085e-01,3.860442345711008194e+00
1.638112542156561213e+00,8.929381119029075053e-01,3.684288487417220814e+00
8.989967728834612481e-01,1.028489619406533606e+00,4.060841844865146655e+00
4.654981621387112578e-01,7.894477277098274071e-01,4.039865775662794256e+00
7.323814479905363939e-01,5.211648812813044485e-01,4.707501636930780720e+00
-5.397007149646129154e-01,6.886871873543376488e-01,3.299193737748724597e+00
-1.194608747281473926e+00,5.790593854970916832e-01,3.422367052731212667e+00
-8.632819528832904599e-01,8.052055622376823596e-01,3.241496573841420314e+00
1.219668411925477203e-01,1.333269081399910405e+00,2.483784154363192442e+00
6.928010715125418884e-01,1.401565625924479530e+00,2.956463109752819562e+00
5.602405134345769255e-01,1.420283662466218289e+00,3.119817712851568281e+00
7.137132490353588210e-01,2.113773978575642642e-01,2.205582567225491619e+00
9.359575311305736722e-01,6.995491913160241382e-02,2.390763630695618591e+00
1.451637217068809438e+00,4.094281939220060229e-01,1.905336483309949092e+00
9.457381503704004322e-01,4.712281357654797276e-01,1.845437089676184694e+00
5.424140515988788991e-01,2.024069076189723981e-01,2.007204954130087593e+00
7.265772537796975905e-02,9.695799163350904415e-02,1.382338939436958958e+00
-1.966584000103490382e-01,6.693882499795513752e-01,1.130524318053836907e+00
-3.082298661132493733e-01,1.003248845002651990e+00,1.937544683369890386e+00
2.436805071242475196e-01,1.114317711627537788e+00,2.147476522311399627e+00
9.267993297913778017e-01,9.620657795983931226e-01,1.801877465448501692e+00
1.228843474532460567e+00,1.224070410444294987e+00,1.288707398776128832e+00
9.602220530737182180e-02,3.095849481976765682e-01,2.182725734062115119e+00
3.679364334121670854e-01,9.376534153542918915e-02,1.197276534549553073e+00
1.242980326070433961e+00,-2.335098200816647374e-01,8.634267132429956915e-01
1.111162861328169882e+00,-9.513474014941734058e-01,1.741960369937842090e+00
1.172587751245539600e+00,-1.332187384243521677e+00,2.350826742951714454e+00
1.251402078674700658e+00,-2.063850344600991260e+00,9.900789120845242541e-01
5.520367508616909058e-01,-2.535432351270058504e+00,2.446269580468384275e-01
7.870671957785466133e-02,-2.551954096658867854e+00,6.860518562444598567e-01
1.098620805580228232e-01,-2.756568785698171098e+00,8.215961385610247580e-01
9.313544279691714500e-01,-2.447374001074767769e+00,9.316481268826124484e-01
1.228943186231012064e+00,-2.991642698883184348e+00,8.879915161388273193e-01
1.092296582332332511e+00,-2.348375674978389505e+00,-7.712424441180130152e-01
1.034106455964152849e+00,-2.727783594209121976e+00,-9.048131138889423664e-01
8.372683609724841380e-01,-2.865316246334022487e+00,-3.744089224769053814e-01
7.818570082421186784e-01,-3.108791654223689527e+00,2.621813193607395731e-01
1.606657388731788094e+00,-2.881195587054087959e+00,1.421451575956841351e+00
3.457515285810069394e-01,-2.871141079962381326e+00,1.545640759813543541e+00
6.064014455660378389e-02,-2.422720960881857621e+00,7.122864761768269437e-01
-2.836645977946717911e-01,-2.257161663484279490e+00,7.059033507031030608e-01
-1.643793234535322778e+00,-2.351084580162941418e+00,1.603578607436423775e+00
-2.644459123315872962e+00,-2.476974068516994532e+00,1.317263484755459624e+00
-2.445991063377187746e+00,-2.102744279998061572e+00,1.396460173646103975e+00
-2.809500672381371800e+00,-1.795745731030879755e+00,1.448931704555993738e+00
-3.600559919149658672e+00,-1.110462182364010841e+00,1.302757477800761121e+00
-2.906741655228665788e+00,-1.203710016717749021e+00,1.973594402791286395e+00
-2.769235240731875880e+00,-6.804140959149350687e-01,2.641450314415712874e+00
-3.538073202210098689e+00,-7.455283221227531065e-01,1.690710730863964173e+00
-4.107921039057160328e+00,-1.227015008634020576e+00,1.550788943452517277e+00
-4.257339978763851285e+00,-1.275831495720488817e+00,1.172153503590280144e+00
-3.942053183858135412e+00,-9.081521884740513251e-01,8.362375037276069678e-01
-4.550469733057719068e+00,-1.063203474636539081e+00,1.198940136127904177e+00
-4.695647442735027433e+00,-5.133121274902868736e-01,1.243169071084591959e+00
-3.144128265332342131e+00,-8.764040454813897263e-01,8.256484941762640695e-01
-2.721884103367167462e+00,-1.149119080599632969e+00,1.172133922192452493e+00
-2.748754646006805302e+00,-2.326164502218386776e+00,1.058445983925485834e+00
-2.720880419125668581e+00,-1.479698192598941420e+00,8.124521439723103589e-01
-1.634989836013470921e+00,-1.315619584542741638e+00,7.658469428698990722e-01
-1.882814538844864494e+00,-1.028319112629630938e+00,1.116879809206651863e+00
-1.093365820507355313e+00,-1.157545668612563361e+00,1.146862354286829699e+00
-1.330181104001760817e+00,-7.258064604101117645e-01,1.353958276158922169e+00
-1.448143152819519219e+00,-8.046896895795868643e-01,1.398562124426486974e+00
-1.326877319043809234e+00,-1.215275880106692297e+00,1.587005260207090762e+00
-1.710114842918513345e+00,-2.246601044846691764e+00,2.192966352246655148e+00
-2.506230813923216338e+00,-2.157488480430506783e+00,3.092688503210086370e+00
-2.773263693060843860e+00,-1.511981757927932435e+00,2.344353408428982988e+00
-1.796668642464934962e+00,-8.024857208796515318e-01,2.031787924956939495e+00
-1.618979886046608696e+00,-5.869245582848079401e-01,2.093184738144439283e+00
-6.727935692220433639e-01,6.748059819934291159e-01,1.734356508457572055e+00
-4.056388303148231733e-01,4.142700762942918002e-01,2.628075746982787120e+00
-1.316279450213736935e+00,9.285542547306541161e-01,2.373688774489301601e+00
-1.560741078417861694e+00,1.123728378404287076e+00,2.982294453814591684e+00
-1.680544060597580325e+00,8.752722318596953821e-01,2.184222482581051228e+00
-1.903336788369079491e+00,1.033994966432846274e+00,1.398780193251271564e+00
-2.591657265052696779e+00,1.048168573729794328e+00,1.211135797150342253e+00
-4.451483560228002290e+00,1.233807043061456943e+00,2.186331116183429124e+00
-4.788670161048988128e+00,1.616719676974150532e+00,6.696266222767299769e-01
-5.345946741647577660e+00,2.538094587095220067e+00,9.894085619326310477e-01
