-2.648179752021631916e+00,-7.236534197516464317e+00,1.380708270577958352e+01
-3.007520104012344930e+00,-7.044532276307595708e+00,1.266464182105072389e+01
-2.577958669196989128e+00,-5.547871251020561445e+00,1.077935634874739712e+01
-2.315632138271401352e+00,-4.701561475913915267e+00,9.715301166249869169e+00
-2.055830687870971563e+00,-4.992701769448731675e+00,9.529112119181290197e+00
-1.693242262827664213e+00,-3.569047400460480191e+00,9.050885982391795537e+00
-2.188387420572503572e+00,-4.217075690688502299e+00,9.160875016769404411e+00
-2.203015262339808267e+00,-3.811886850044105213e+00,8.482988482150204845e+00
-1.838523335016735816e+00,-3.490321355791744740e+00,7.730486907034248567e+00
-1.832819434272394687e+00,-4.166328247801435403e+00,6.687947317353756027e+00
-1.534929768653483739e+00,-3.480085888932162419e+00,6.987010610342546890e+00
-1.627246155161668595e+00,-2.131657392399758155e+00,6.697172706252827901e+00
3.970509930662952103e-01,-1.206949366637389831e+00,7.331854410750975326e+00
-1.454919230766613669e+00,-6.945239413672861239e-01,6.824647579562555855e+00
-2.193450690297664707e+00,-9.262422264942098415e-01,6.646336036177586948e+00
-1.882880538461680464e+00,5.355605981083870655e-03,6.211009197300691120e+00
-1.585926435404548807e+00,1.240777044211485824e+00,6.447995311553951225e+00
-1.258119867505638423e+00,1.080513044189751914e+00,6.005419622174152927e+00
-1.421767686566731248e+00,6.780913437525761811e-01,5.082559259593719680e+00
-1.400156658511887420e+00,8.327300160629418080e-02,4.841488643429312511e+00
-9.664385243429124417e-01,-2.366976790309027467e-01,4.422869325175345701e+00
-1.289462484195041281e+00,-7.273995965016898102e-02,4.673285394749805199e+00
-1.354996205255563524e+00,-4.330875521117714677e-01,4.970966958384737566e+00
-9.878268755176978777e-01,4.484832779296437505e-03,5.157316312548940296e+00
-1.141531426561755769e+00,5.654640827439478823e-01,4.399553148795955160e+00
-1.979714833129599727e+00,8.081748313796719430e-01,3.845096825783183014e+00
-1.561359830010652816e+00,-4.006328204892028316e-02,3.921252381117686703e+00
-1.091082898754260899e+00,2.604200420227415491e-01,3.956560154645094585e+00
-9.180171151401692597e-01,4.999381780189482427e-01,3.902714643943684170e+00
-1.063030404844630405e+00,1.722116035744937879e+00,3.112006056705558965e+00
-1.772221812030882193e-01,1.315857065769615142e+00,3.094534027084929306e+00
-1.200147303966183493e-01,1.173977549568617551e+00,3.242272576461394884e+00
-4.903085296142905003e-01,7.184233421192924227e-03,2.624566666223254074e+00
-2.737120683796387954e-01,1.054563256791583914e+00,2.917787193023479553e+00
4.484035973742972470e-01,2.466734250131101813e-01,1.712628354435611788e+00
-7.046231408711454980e-02,2.935175438570405415e-01,2.117352301713958607e+00
-1.162896096455935835e+00,-6.212132246484418641e-01,2.973667323938714802e+00
-1.504340454159477369e+00,-9.514647543515384331e-01,3.554396390442717824e+00
-1.584917726096467083e+00,-5.071458398287659319e-01,2.652881077844911673e+00
-1.312460468753904319e+00,-2.875783577476430375e-02,2.537453989674168575e+00
-1.399920600164556328e+00,1.439649866931654310e-01,2.856918160411863195e+00
-1.443259460358855994e+00,3.912507229146711674e-01,2.906552104391858293e+00
-1.169402908837445354e+00,4.414772792595383355e-01,2.704584959037000136e+00
-1.277682488203602196e+00,1.086282465925480639e-01,2.125631837636189569e+00
-1.517534415779374868e+00,4.098125061007313330e-01,2.510977669356095010e+00
-2.809193153418829136e-01,7.385823927032171277e-01,2.170021680940265707e+00
-5.854474334047716777e-01,1.915104293475382580e-01,1.217742828648229914e+00
5.241485714905500526e-01,-2.623951891353296650e-01,1.822248559036466542e+00
-1.109429689005852898e-01,-1.476179088256085459e+00,1.788258334360093071e+00
-2.068772676739094596e-01,-7.707508184289918463e-01,1.703582010396175850e+00
