5.786514885833856647e-01,-3.640252312762796150e-01,7.298274356000076235e-01
3.041522869684554764e-01,4.672680788170059385e-01,8.301517504953673798e-01
4.300689899902298552e-01,9.027342146192710581e-01,-1.056416605850211791e-02
-6.517470309864448197e-01,-7.049803192294665788e-01,2.796936844111314047e-01
-1.868187205506813831e-01,-8.343987734710716087e-01,-5.185339453514858921e-01
2.137954903822789424e-02,7.759843748144272801e-01,6.303896929096989288e-01
2.715782513003185961e-01,-8.662844425972335838e-01,-4.192809534603987309e-01
6.690196702387498640e-01,-3.817288787952626827e-01,-6.377270136409041168e-01
9.575237465017920613e-01,1.429671843668249009e-01,-2.504169704301086874e-01
-4.006517263311660804e-01,1.932591849584430199e-01,8.956165929777399892e-01
-5.216911443055644027e-01,4.262844491336112429e-01,-7.389992681863795099e-01
9.843101400591599548e-01,-9.471136163071659786e-02,-1.488734568510203249e-01
7.654584444369388896e-01,5.675274728298441707e-01,3.032918354053601995e-01
-1.856389452458231115e-01,-1.239504086363896196e-01,9.747689358031933482e-01
-1.682793242210794959e-02,-8.771356742295165487e-01,-4.799477364092143428e-01
1.796097956548418570e-02,-9.143372165114073136e-01,4.045551355689606110e-01
-1.309080331857271351e-01,-9.080316273877329092e-01,3.979216637870198192e-01
-9.911746126542596569e-01,-1.284524351239616502e-01,-3.275452854801617908e-02
5.563052940920352185e-01,8.261870280196735861e-01,-8.910339217557008973e-02
2.636938321608111035e-01,7.964805119201192607e-01,-5.441363404623980049e-01
6.295422973676415568e-01,6.654984934300629540e-01,-4.009841032602021182e-01
-7.285156202361336986e-02,-9.218167837025315059e-01,3.807183567875862540e-01
5.880350511913853273e-01,-6.923551022808819289e-01,-4.181616803533942939e-01
-4.778141230512354953e-01,3.985911098568805655e-01,7.828274337016039031e-01
4.306981364406795576e-01,4.559922201377868967e-01,7.788261747272866575e-01
-8.666362253480948130e-01,4.925682306573901936e-01,-7.948704964618019675e-02
6.637671282281873975e-01,-7.365923947763438617e-01,-1.297876860158768686e-01
6.787633727113669968e-01,-2.268359524453891496e-01,6.984452265880862765e-01
-4.964369297362886124e-01,2.048774281958552490e-01,-8.435494142075253832e-01
-1.398917224180058205e-01,-8.376498012230016998e-01,-5.279896935641730238e-01
-6.973281918706520921e-01,-2.176833298457207799e-02,7.164213372740091401e-01
7.495777814328388189e-01,-6.619162662716129297e-01,7.763549829721880626e-05
8.291743927479892085e-01,-2.495246258560994412e-01,5.002072445520724386e-01
-3.497285802685308198e-01,-7.563592514122093879e-01,5.528205883887827854e-01
-3.386377293798346066e-01,8.400101300714936103e-01,-4.239191781669499060e-01
1.732410019415890901e-01,-5.770835467719062084e-01,-7.980990761123779587e-01
-4.820268809848330949e-01,-6.096939427630807540e-01,-6.292244290919121186e-01
1.527730457372957207e-01,-6.455426248636485509e-01,7.482881236397521674e-01
-2.347711495397142578e-01,9.495185337290927841e-01,2.080794594590126556e-01
-7.769421716448245141e-02,-8.326320792731671805e-01,5.483497325470674255e-01
-9.440936470166463312e-01,-2.491450592714015699e-01,2.159025824381402558e-01
1.066916980690632982e-01,-7.948392541524024191e-02,9.911100782272999066e-01
2.667428647417491305e-01,3.382776971974761349e-01,9.024502444390701816e-01
-2.249396998996992247e-01,8.849068756988524020e-01,-4.078504048666971582e-01
-7.317530214780888498e-01,-1.101502215950334734e-01,6.726101725667346098e-01
-7.718937702299710768e-01,1.816091646857265207e-01,6.092603046172574421e-01
-7.938277191585961789e-01,-6.074822920768530032e-01,2.833402739665131370e-02
-6.996750093835387707e-01,5.386228696873424093e-01,-4.694041813766864912e-01
8.735387935619481903e-01,1.319737561810888915e-01,4.685220419807274994e-01
-7.737130414582720217e-01,-4.454022951380861434e-02,-6.319685889601219797e-01
8.048687230838186268e-01,-4.050614342808059876e-01,4.337183107269045879e-01
-5.897587355358724359e-01,4.859797748157909103e-01,-6.449870481871105010e-01
7.697718736894031411e-01,-3.349787677435950295e-01,5.433603662742511053e-01
-9.608860590653185429e-01,-2.362132786441384358e-01,1.445727100323846437e-01
-2.212860317971711011e-01,4.700983892469892678e-01,8.544237804268135505e-01
9.526951213843296573e-01,-2.856873369034665933e-01,-1.037051166698277488e-01
-2.102763844916021377e-02,3.886892643744525588e-01,-9.211289237567662491e-01
3.621406149252968110e-01,-9.274059311217083268e-01,9.366116560135762104e-02
1.102637127563692136e-02,-5.646985240360982150e-01,-8.252236036905052918e-01
8.248829793144779599e-01,1.740362229270489558e-01,-5.378470633428773517e-01
1.361301668885926131e-01,-2.576429893495330581e-01,-9.566026697129379475e-01
-5.040145027505734676e-01,-7.942899193018978510e-01,3.392239748491792661e-01
4.011069577183120072e-01,-7.512619746847974955e-01,5.241361024225089649e-01
-4.149129417055897329e-01,-7.348842003548550217e-01,5.364629184519832394e-01
8.979263730591819925e-01,-1.698533008939314692e-01,4.060518251901083508e-01
-7.343132773864442520e-01,-6.100308958947335825e-01,-2.977353131690084198e-01
9.256248064259424702e-01,2.457635577665631677e-01,2.877828893503882601e-01
-6.152877101772000756e-01,2.907112986907455787e-01,-7.327400456631518733e-01
5.357090755472966315e-01,-8.442090254904967006e-01,1.808058784019590803e-02
2.639830044711848345e-01,8.530410737121805198e-01,4.501487530920602054e-01
-5.562015485570449558e-01,-7.787238598545240809e-01,-2.902223069924443899e-01
1.268730023746968971e-01,-9.409546536404171935e-01,-3.138591739313552065e-01
-2.987978851851892936e-01,4.020147431399546112e-01,-8.655079260798105301e-01
-2.581413717928056628e-01,6.477047802075538430e-01,-7.168274198614424941e-01
8.175804230443787235e-01,3.639101560814790859e-01,4.462416947746233875e-01
7.481423391807302536e-01,-5.365208191367988322e-01,-3.904208638866059067e-01
1.855457842190170667e-02,8.354964599002389081e-01,5.491824770636385411e-01
9.792400942507542005e-01,8.104372913556587288e-02,1.857976097251385350e-01
3.135411235946807262e-01,-8.440996376955172131e-01,-4.349571995694310189e-01
-5.431645040695612936e-01,6.609932049260017761e-01,5.177454051563570303e-01
8.961844134527026107e-01,-1.645967956062862891e-01,-4.120211062076524766e-01
2.959456140733838364e-02,-3.985577828622403618e-01,-9.166656182354843141e-01
8.405466125150892198e-01,5.397794765054650945e-01,4.603812477604609515e-02
-6.595387053418781953e-01,-2.142328252890478568e-01,-7.204949637052512346e-01
2.894544668453982172e-01,-8.212901771467235879e-01,-4.916284740996496594e-01
-5.300428967549828396e-01,8.392273216590880880e-01,1.214579358481783222e-01
5.752214287686637784e-01,2.476670024513868418e-01,-7.796033374621235135e-01
-3.222029708570576800e-01,7.568908818290772667e-01,5.685960240582833558e-01
-2.407619256074226277e-01,-1.379228626344522757e-01,9.607346039050138620e-01
-5.302420761904315383e-02,-7.615771913611003585e-01,-6.459013972774099166e-01
-5.152811611680361281e-01,8.273243119741506835e-01,2.236510848661785456e-01
-1.599529685354036668e-01,1.917398158595489677e-01,-9.683237531274644372e-01
-9.886756129990972863e-02,1.861434751040242919e-01,9.775355809374950411e-01
2.737564613872234820e-01,-2.256425157636978429e-01,-9.349560711223683374e-01
4.231629791673846008e-01,7.517922740176822272e-01,5.057088784958260197e-01
8.731128098055394859e-02,5.845923557568363238e-01,8.066154708435783194e-01
-3.738387965301634974e-01,6.144204866856929348e-01,6.947891908700043473e-01
-6.736952773232643965e-01,2.692729244025974245e-01,6.882054674993529630e-01
-7.950718606325197779e-01,-3.230185629766457733e-02,-6.056544613144265732e-01
3.056021355531319261e-01,1.285116733653244303e-01,-9.434469166594428025e-01
8.597489290987794242e-01,5.080018704253635997e-01,5.259162060475167794e-02
-6.764783785764963420e-02,-4.157608242744792459e-01,-9.069546333923161896e-01
9.943291479838242131e-01,-1.005830090688654005e-01,3.453409556386918822e-02
2.041486349060820105e-01,2.276143011719589798e-02,9.786752536796887725e-01
1.831575975234411152e-02,2.779004604918119958e-01,-9.604352487300396035e-01
2.298308799143054248e-01,-8.990136895500822067e-01,3.727628638147374440e-01
9.474355523230384435e-01,-1.705702155677305265e-01,-2.706874133673695670e-01
6.083704359853475685e-01,6.906150689773187246e-01,-3.910706318818271132e-01
8.019119323900193441e-01,-4.737750703806296038e-01,3.639703770588129106e-01
-4.762129682197374647e-01,8.664913583445982281e-02,8.750503620698002472e-01
6.777153692080258862e-01,-2.450786222097672482e-02,-7.349158067619628865e-01
4.994225483866727155e-01,8.224328557824077679e-01,-2.723624715201321544e-01
6.756542398762646617e-02,-6.424086217993660863e-01,-7.633780689273246267e-01
-5.407916171537228284e-02,-8.275940827141565759e-01,-5.587159193406576740e-01
-8.407996164433033659e-01,-5.166182779978923945e-01,1.617453548862724244e-01
9.345808236400481306e-01,6.063123489827283025e-03,-3.556992024419460274e-01
-6.732619682774424463e-01,3.319325730092508309e-01,6.607110480736964053e-01
-2.514727477040362702e-01,8.382565468906362227e-01,-4.838258144799307825e-01
-9.720934413784436678e-01,1.306315235173273470e-01,-1.948582723226195135e-01
8.674215615182125916e-01,4.599205073458424997e-01,-1.898761742190120116e-01
-1.478197629755900466e-01,-9.858825869200879000e-01,-7.864376950271194378e-02
-7.384941650197991703e-03,7.835996237895059835e-01,6.212222567115316396e-01
6.570896113182075338e-01,5.955086078836163699e-01,-4.621717652931689457e-01
9.213854081288376241e-01,-1.053383698239690469e-01,3.741026029448127344e-01
-8.480014517321619871e-02,9.945409432260465810e-01,-6.080499671611757501e-02
-1.846977604481412627e-01,6.337935720251547389e-01,-7.511274494684880842e-01
-1.154227112458337950e-01,3.396437225510756663e-01,9.334450918293526467e-01
4.498161315261315352e-01,8.790851143110210986e-01,-1.577174993957384530e-01
1.587411522057541879e-01,9.302421958978959182e-01,3.308333471212510646e-01
9.499904487089777527e-01,2.481219157836484779e-01,1.896145096493597193e-01
-5.156746537935267272e-01,-1.390775005245755980e-01,8.454212561100905576e-01
-5.225714807193102551e-01,6.043790377071677211e-01,-6.013692927968516955e-01
-1.032602911065004792e-01,-9.920718429404783434e-01,7.162939847076515987e-02
-9.784975189077581570e-01,-1.751683710477702494e-01,1.088974162954859104e-01
3.846165022688936147e-02,-9.937097666025793696e-01,1.051741471107398573e-01
4.765124682325997951e-01,-3.818891940282435615e-01,-7.918942550008393200e-01
1.361351189920548543e-01,7.252766687850531468e-01,-6.748636774142430239e-01
-3.412731882227377361e-02,-8.794014315250815450e-01,-4.748562396574778632e-01
8.905605625140512460e-01,3.812204750161005129e-01,-2.481387392632501687e-01
-8.724057203100028524e-01,1.749765830346481088e-01,-4.563895863841590517e-01
-6.512421218028753289e-01,5.292549554264979195e-01,-5.438500629274437559e-01
6.013029665416094183e-01,4.023593510943404006e-01,6.903199946511773266e-01
-2.135502044452094184e-01,5.823067365896446301e-02,-9.751951080817788942e-01
8.823953089556005880e-01,-4.683300166238650863e-01,4.522736187575529532e-02
4.789139910659125782e-02,-8.339837170218570295e-01,5.497068069744274199e-01
-4.887057280997158526e-01,-1.487607795017042989e-01,-8.596725782555658668e-01
9.424517109822070360e-01,1.871550767388711206e-02,-3.338180675745686110e-01
-7.594232798413261820e-01,-2.569670966346693231e-01,-5.976990825509033156e-01
5.444494115981152182e-01,5.721945045689116188e-02,8.368397532980120790e-01
-2.519032990526585136e-01,6.566613207136241803e-02,-9.655219764589376696e-01
-6.986176914804289595e-01,2.345839863058744035e-01,6.759465027052079522e-01
1.307816935013769444e-01,-9.402947884113279642e-01,3.142321745642988606e-01
-2.325054256007127174e-01,8.375566678585957270e-01,4.944087936028618291e-01
3.929944083175146430e-01,9.108547149824642863e-01,1.260915668289526448e-01
6.748334955194243978e-01,-2.779249450971656155e-02,7.374464933633912977e-01
-3.513912454628132648e-02,-1.197792903489923316e-01,9.921784937850712804e-01
-3.864793903107260342e-01,-3.699615412803877734e-01,8.448444465334961073e-01
-1.657594012370846026e-01,9.798728118985662316e-01,-1.112344074624404405e-01
-9.391251901513282541e-02,-6.585404637164240516e-01,7.466625050318179690e-01
4.769018684556550758e-01,5.650379308260410349e-01,6.732731574861210433e-01
-6.124390131814376748e-01,-3.024650004763538846e-01,-7.303652364537800423e-01
-7.262835399035028582e-03,-7.188364930121939889e-01,-6.951412428678769295e-01
2.652267996332676181e-01,8.707303473316457820e-01,4.141055505447930885e-01
8.997015022880315849e-01,-3.939395174769539376e-01,1.880129339983924175e-01
4.665930493427248860e-01,8.139458539657852265e-01,3.460969128971913000e-01
9.650112921839628655e-01,-2.199214196596047111e-01,-1.427857665607542570e-01
4.574749071910035880e-01,-5.718526998959089225e-01,-6.809560917653516565e-01
-7.900220213303374983e-01,-6.127085733659509703e-01,2.129342473603025240e-02
3.256172028281079656e-01,5.151447695867575893e-01,-7.928425465310280362e-01
1.708743234903592201e-01,4.769983205506485580e-01,8.621337296287465701e-01
1.205197095870851470e-01,-9.201224362423290337e-01,3.726254177113065835e-01
-4.759869246351079441e-01,-6.498041188292039694e-01,5.926137483462680100e-01
-9.707736402837249812e-02,4.311754907808378334e-01,8.970304797180564949e-01
-3.909271660221458333e-01,-5.284723947687961498e-01,-7.535866763904649490e-01
6.215239319062166867e-01,-7.746010651895507415e-01,-1.170520904343439056e-01
9.552572002945001195e-01,2.956015133822666452e-01,1.016988552674218810e-02
5.865755841189541631e-01,-3.036266112431457720e-01,-7.508261883155856742e-01
-8.372632083740657594e-01,2.411769296742216628e-01,-4.907382280769261862e-01
-5.733721602415432772e-02,9.056140315552799747e-01,-4.202090783274344821e-01
4.641141541839145790e-02,-9.857680030633280133e-01,1.615779213116684543e-01
-2.720413659319437794e-01,9.052372733614312272e-01,-3.264030853699818047e-01
-6.494883985299255702e-01,-3.412446915004344605e-01,-6.794975207444144960e-01
-1.367492342173480813e-01,4.429044526548754912e-01,-8.860786041652591871e-01
-2.787583799700837830e-03,9.135302281098364174e-01,4.067612957327059742e-01
4.385086635117220188e-01,-7.671822926311232527e-01,-4.681254980220763140e-01
-2.578389127905443903e-02,2.051845232858071355e-01,9.783836171740029064e-01
-8.462118637914206598e-01,-1.735934970539485533e-01,5.037765172764913091e-01
5.288831296233709872e-02,1.441455512969907204e-01,-9.881421387600493045e-01
-2.605212195163179589e-01,4.576561478460319243e-01,8.501056078632002189e-01
6.808058093788003085e-01,7.323675275178540556e-01,-1.188505588803981383e-02
-5.128973625684797311e-01,-8.400062997772270723e-01,-1.769907110694478314e-01
9.706066342425436755e-01,2.225437029129341548e-01,-9.163548361939734266e-02
-1.350239833591594940e-01,3.570568347961071698e-01,9.242721139595259094e-01
9.547941569611010371e-01,-2.113224095514490697e-01,-2.090716553105892439e-01
8.244652723607337474e-01,5.228012951713736367e-01,2.166467641998734150e-01
6.647315174496275514e-01,-6.485896857772386337e-01,-3.707606090356662665e-01
4.359202211593009996e-02,1.725588132714040920e-02,9.989003805022140803e-01
-5.540108844307181091e-01,3.781235838632769353e-01,7.416835546637695620e-01
-2.293073924907307326e-01,9.716546819443602212e-01,5.749172814158683142e-02
-4.789419414985254253e-01,6.163801241063436853e-01,-6.250521252505836234e-01
7.114339271898211248e-01,4.462113547312752670e-01,5.429154576470893723e-01
-1.786741591849289306e-03,2.368473890085248112e-01,9.715452237926592849e-01
2.294217693127491020e-01,1.828536122829276800e-01,9.559969708322785253e-01
1.789253539537831450e-01,9.828831564919626729e-01,4.389098309344771631e-02
4.663959888798841491e-01,-1.861264142909597741e-01,8.647726518917819849e-01
-5.021322964561567570e-01,4.707510741952338207e-01,7.254354437161860680e-01
-4.164717517092996202e-01,1.472495254360069450e-01,8.971448362929245191e-01
-7.421833912683628576e-01,6.662658902358956636e-01,-7.248156478416863113e-02
6.006967342055238301e-01,-7.394794930939160293e-01,-3.038642999899515695e-01
-6.683638623677997659e-01,3.506798909151322974e-01,-6.559827448862872723e-01
5.812115601130806164e-01,2.160156379892071710e-01,-7.845574335477514261e-01
-2.523390384466014935e-01,3.846165214936410615e-01,8.879161790788452358e-01
-8.116567555733805728e-01,-3.105524219390703999e-01,4.947428669115613853e-01
-8.692734157266224226e-01,-1.513255709764435852e-01,-4.705999365486823738e-01
-4.087589539554480345e-01,9.046795806363370218e-01,1.202953612609776596e-01
2.973844159694433720e-01,-1.740664224959446171e-01,-9.387562994185321141e-01
5.818546053852277078e-01,-4.136524217911557999e-02,-8.122401953433873167e-01
-8.814977081866206543e-01,2.850764701728200623e-01,3.764215676811578648e-01
-3.794559129880120674e-01,9.132090105733955410e-01,1.485345518927975172e-01
-7.959660240170248757e-01,3.663021532355369980e-01,-4.819344573129606957e-01
7.068302622333250129e-01,7.014929455077606457e-01,-9.109680452142726592e-02
-9.266841000333785328e-01,-2.101796283007197896e-01,3.115784052091841727e-01
-5.499720158245531287e-01,-8.326459726273434114e-01,6.504972004046474798e-02
-1.387164691702131303e-01,2.387531402582811768e-01,-9.611215735783683600e-01
-6.090153564819169585e-01,4.537743168851982728e-02,-7.918593210050363096e-01
8.888270671513440746e-01,4.102338535091224481e-01,-2.041926299703200054e-01
7.616769805676875116e-01,6.236497449814424332e-01,-1.758100476590350181e-01
-4.124464623176332667e-01,-9.015156993915429684e-01,-1.309861041188961628e-01
8.429873770246662512e-03,-1.599600418854775497e-01,-9.870874947177752379e-01
-2.625643804682822879e-01,3.772353479155730049e-01,8.881179191933487038e-01
5.149603120631668363e-01,1.721373071222276063e-01,8.397527162781396326e-01
9.123070049195842746e-01,4.070626904285983838e-01,4.467543884159107248e-02
9.115299769853280054e-01,2.369341069976661773e-01,3.361180298620497497e-01
7.383673928833623945e-01,-5.113565907831226776e-01,4.396908347797215955e-01
5.383817122794597454e-01,1.852273488345354546e-01,8.220924285789074082e-01
-2.299809656835680449e-01,-5.889968780216675581e-01,-7.747202289239530915e-01
-1.700401250580702572e-01,6.332604354654729484e-01,7.550281959929148190e-01
-8.194468273421248172e-01,4.803699819204199084e-01,3.126524870022650560e-01
-8.440252352473788522e-02,1.371533597617916322e-01,9.869473997780776608e-01
1.850789610090556869e-01,-9.734207237436287574e-01,1.348994913935491757e-01
-3.688110495563374780e-01,-9.276287897512744962e-01,5.901896432282408012e-02
-5.134728129474769309e-01,-2.576792762163161443e-01,8.185029388905338266e-01
1.521785296367615236e-03,-4.649447464364445115e-02,9.989173879741625184e-01
-2.464183470308472720e-02,-4.240349680498056717e-01,-9.053105134999074322e-01
-5.014328117447705013e-01,8.562302883348452687e-01,1.242369858124431764e-01
7.431461734571915834e-01,-5.305861276349962408e-01,-4.076912140790297512e-01
-6.464268121842977610e-01,2.508221529248354231e-02,-7.625636097829925353e-01
7.113804401328718274e-01,2.953583131501719139e-01,-6.377313981994665593e-01
6.197280621739513773e-01,5.281328965479673565e-01,5.805280118460893757e-01
-8.456189431261921241e-01,-5.263387931855376678e-01,8.885987741457650191e-02
-1.250291858025451008e-01,3.853123680937387552e-01,-9.142768080245434748e-01
4.632140318231154352e-01,-8.526362388551218530e-01,-2.417523627871407399e-01
-5.647939099153233000e-01,2.152026505224925723e-01,-7.966778888174663731e-01
5.735617518617943666e-01,1.292030095716148290e-02,-8.190604267234534719e-01
-4.130491956479724891e-01,7.073769078218175022e-01,5.735924269505370265e-01
-4.952465664927183098e-01,7.576758453042095054e-01,-4.250390003514092907e-01
-1.387459820298632407e-01,-7.688445362474422007e-01,-6.242015952823447567e-01
9.788699576154016313e-01,3.666784457210780362e-02,2.011692701494385005e-01
-1.955137635925751141e-02,-4.409977890247153143e-01,-8.972952099269064785e-01
-2.518625481768449470e-01,4.429614536275414682e-01,-8.604361727786912217e-01
-9.039809917805241568e-01,-3.513560565195410490e-01,-2.436540335117335365e-01
5.777584252734182524e-01,-7.889469638794162076e-01,-2.091838669951180674e-01
6.754379213531791493e-01,-7.314779035526804973e-01,9.340070134785885547e-02
2.039588277202607769e-01,-4.084124418665853185e-01,8.897190983246062723e-01
-2.928271847378857706e-01,-3.268949203128578840e-01,8.985499156708738333e-01
-6.648510037891995905e-01,2.989340765579051040e-01,-6.845520875966751850e-01
1.907469705962830109e-01,9.094410651898388043e-01,3.695031016848331906e-01
4.530675879612171553e-01,-6.776228967239600331e-01,-5.792727946092703917e-01
1.204403815182642085e-01,-4.366796894262979234e-01,8.915183471708738594e-01
5.475886096582996965e-01,-1.564453000801708515e-01,-8.219924468359278702e-01
9.813575952475954711e-01,-1.181387339889690274e-01,-1.515932379142947706e-01
-8.258129628628464447e-01,3.839507478917655869e-01,-4.130554122161345654e-01
-8.000803407164445158e-01,5.274456817204868919e-01,2.857840115077625587e-01
-2.747045766298512048e-01,-3.099208879067032463e-01,-9.102123042552957566e-01
4.754444477192578539e-02,9.957786516373445806e-01,7.851371036093682254e-02
1.794705955017567578e-01,-8.368510700048915618e-01,5.171755910538632373e-01
-3.231841251170732843e-01,9.411902439238871709e-01,9.855427953572371003e-02
3.883472507456611766e-01,-8.821609464223371111e-01,2.664178624745962010e-01
-4.073769516072932029e-01,-5.753442320342909699e-01,-7.092411677025106664e-01
-4.536161004089971915e-01,3.607542620671552180e-01,-8.149164348877231401e-01
4.598727509063103569e-01,7.687120599970810320e-01,4.445208901603014406e-01
9.600992667500165556e-01,1.574460643102019441e-01,-2.311279620022392844e-01
-4.596796640219005803e-01,-4.810478695347913392e-01,-7.465169480331649288e-01
-2.324947937743265247e-01,-5.114515078768246958e-01,-8.272626704731428360e-01
9.905907731419270057e-01,-1.164328681084258743e-01,7.192570743569534630e-02
-2.633931441428078446e-01,7.868004718603760494e-01,-5.581837234270234926e-01
-5.577336203801005476e-01,-5.520494520042302788e-01,6.198182082187766451e-01
6.951819134535561773e-01,1.754546944453204763e-02,7.186196933768397299e-01
-2.184572123855196280e-01,5.958448403210998556e-01,-7.728165193753759876e-01
9.692988871005064899e-01,7.253538233088685505e-02,-2.349431543497951247e-01
-2.305270473750774263e-01,-9.449864204138117563e-01,2.320731472230667669e-01
5.697539717275797166e-02,-8.437389183813243099e-01,5.337213146631107907e-01
-1.024926571105370249e-02,4.654281342357472484e-01,8.850263297858518285e-01
5.463517020074121211e-01,-7.315933033054904389e-01,-4.077634807975876186e-01
3.187046303254242874e-01,-2.361583136424330320e-01,9.179632942044561039e-01
-2.436843843398365794e-01,3.059240342291273951e-01,9.203414616922843683e-01
5.658919728541503824e-01,-5.065733206710809622e-01,6.504996124852894246e-01
8.296028089436009445e-01,5.401319312383001670e-01,1.414803033982866554e-01
-8.660531673298674793e-01,-5.985638152469269918e-02,-4.963558450836204061e-01
8.409917904013228807e-01,1.409532519433192299e-01,-5.223648047525600857e-01
6.217128967547045360e-01,-4.031478734642523487e-01,6.715242855847621817e-01
1.643640888753735430e-01,-2.547467888541060099e-01,9.529367869154226067e-01
4.063870138430197843e-01,6.191541906048881883e-01,6.719357731481179208e-01
-4.487283426682802667e-01,-8.711210793784869288e-01,-1.994766641706202381e-01
9.800281388726669318e-01,-1.910031264869922751e-01,-5.534123860170302167e-02
2.079550477491060034e-01,-9.736112010206819933e-01,9.399961363075985676e-02
-9.925437138959960492e-01,-1.036080906994757550e-01,-6.420544795538928040e-02
-8.367727928062827780e-02,-9.895815537236229975e-01,1.171599823409507218e-01
-9.716122683967826079e-01,1.439777637639480523e-01,1.877232096529120875e-01
-6.694530178053136327e-01,6.200830067907967535e-01,4.090595575715634813e-01
-6.624142994040557175e-01,5.308169812427151329e-02,-7.472547285024550012e-01
8.693064301961169749e-01,-4.804674829224893640e-01,1.160057251768680936e-01
3.380603945451201436e-02,-1.952065127970516456e-01,-9.801793555559179527e-01
-1.117436106258894168e-01,8.542368593463331994e-01,5.077329550249839452e-01
2.793619269249938974e-01,-1.057082162620657101e-01,9.543493525954982459e-01
6.104667581113809582e-01,5.087391105070501185e-01,6.070542436071724168e-01
-4.512420987347215973e-01,2.623777929466567516e-01,8.529586520447077769e-01
9.231139762503526303e-01,2.124049478960098325e-01,3.205381801916218909e-01
4.804050498596608709e-01,-8.123437774456663263e-01,-3.306184739463939870e-01
3.535233577346751782e-02,9.649133232074647015e-01,-2.601778066094161401e-01
2.826238535621299897e-01,-4.401214813259286124e-02,9.582205843199397277e-01
8.618228851517918399e-01,-1.332214265662940433e-01,-4.894010279231983396e-01
-9.984489349947377468e-01,1.377476902202779546e-02,5.394422996265609699e-02
7.409115644379533905e-02,9.449189803968421897e-01,3.188081257161009541e-01
2.180051620164613624e-01,3.209845266350694892e-01,-9.216521485870017294e-01
-5.149337618976040920e-01,6.162201265346504142e-01,-5.959160817695735579e-01
7.001456211243762828e-01,3.916396115574476422e-01,5.970046263468088421e-01
6.835227225702037446e-01,7.245364623173731200e-01,8.856411520950364935e-02
4.969006370439625897e-01,-2.141269710926113068e-01,-8.409752654840737529e-01
4.258451854744100262e-01,5.243986428417913848e-01,-7.373343484430605610e-01
-4.984815728597939977e-01,-8.065516895897392735e-03,-8.668627740054523079e-01
-3.306686446657083334e-01,-2.435760942391120287e-01,9.117724133522370211e-01
-2.217297001561322478e-01,9.580181614183530536e-01,-1.817612237559759480e-01
-3.813523459445309349e-01,2.285135605841676631e-01,8.957410009995906419e-01
-6.283137769848251564e-01,2.576294233226830155e-01,7.340632655905655612e-01
8.636286962938748146e-02,7.193241431169616895e-01,-6.892853051374489004e-01
1.832593640140720848e-01,7.867576869652984639e-01,5.894305281389581319e-01
-3.181689328839235054e-01,8.540754920753366175e-01,-4.114894700764248903e-01
-6.485347080501447925e-01,7.312659870955355856e-01,2.113120644248823732e-01
-5.033775878260617898e-01,-2.282141622119475688e-01,8.333842452556410318e-01
-1.074319982632329779e-01,9.101412788605434123e-01,4.001265028253730427e-01
-8.507224073272714460e-01,-5.362351183419340056e-02,-5.228727423091207305e-01
-5.822706845592146019e-01,3.254377513476994221e-01,7.450175299284551578e-01
-2.705827703410395024e-01,9.499305072590662480e-01,1.562593861920017480e-01
1.319133303971018745e-01,-3.299579879993084219e-01,9.347334376275372447e-01
-9.986024324504483296e-01,4.306548167816141859e-02,-3.063570126299396817e-02
9.046794120295981179e-01,4.260910395121123573e-01,1.259959232760800600e-03
-6.728793840583168206e-01,3.106505665310262954e-01,-6.713639549627701264e-01
6.607828379105480376e-01,-4.420889529384635641e-01,6.065668955792552497e-01
-2.423899027880487278e-01,9.682387550273598986e-01,-6.132575551486117021e-02
5.086949495125083626e-02,-1.065822026291612518e-01,9.930017767185117528e-01
-1.698561387228197939e-02,-7.122961386602956468e-02,9.973153117394106815e-01
6.955553101322685672e-01,-2.047793400766216576e-01,6.886713529867397598e-01
9.149388790938447480e-01,3.892016923515244642e-01,1.068124065509645643e-01
-4.025945735010298399e-01,7.954497161343929146e-03,9.153438345028791501e-01
2.389485834278106680e-01,9.523738485995506542e-01,-1.894402992542055242e-01
8.881213717494865767e-01,-1.677459298915881802e-01,-4.279038817849362686e-01
-4.623892192737604767e-01,-6.836017920480839116e-01,-5.646988576294895701e-01
8.815207129823140475e-01,-4.549824848272429056e-01,-1.261434543826219501e-01
-2.226675652573142372e-01,8.289617517141488756e-01,5.130707257068849447e-01
-7.752101437198197775e-01,5.771211508557184677e-01,2.568665223591185542e-01
-2.641864571193768829e-01,-4.040514256524935788e-01,8.757556515963222932e-01
1.981916532098965678e-01,9.478556797653240329e-01,2.495790033928003693e-01
-6.294916728423355368e-01,-6.586351370497239843e-01,4.122377834037646571e-01
-8.749475957514840641e-02,9.105204194289151509e-01,4.041005231992148561e-01
-8.485540709766302703e-01,4.122437060639301820e-01,-3.316792357680292680e-01
-5.466345445072945397e-01,4.041011402960144050e-01,-7.334118509833090771e-01
7.408460319554632800e-01,6.427806293496716172e-01,1.948851442996228922e-01
2.163221230245211957e-01,-1.091235870695659964e-02,9.762610611499440427e-01
-6.722095330859367834e-01,-5.735448667811474666e-01,4.681673092147537463e-01
-2.461656899630054463e-01,2.895901474690087962e-01,-9.249540526825726916e-01
-5.538762316923950824e-01,-3.585994441785428366e-01,-7.514170337442932501e-01
-2.096928542567201570e-01,-9.739572850561261097e-01,8.623290415943292431e-02
5.881581993146972609e-02,-9.332155970272772993e-01,-3.544705189304342974e-01
-5.617025860037004881e-01,-8.273389295615404260e-01,7.074664090800998921e-04
8.863023098158786528e-01,-4.166436145864386709e-01,-2.021789159120838675e-01
-6.989485430073993921e-01,6.932056204071517236e-01,-1.758888912460637444e-01
-7.950982577966680953e-01,5.227312364697882519e-01,-3.075236817994174143e-01
-5.579918704343517222e-02,-8.128375978459030371e-01,-5.798115989296813710e-01
-6.212437756980756509e-01,7.240994017742060640e-01,-2.995600565940596538e-01
4.328747076761430002e-01,-2.932100292700218769e-01,8.524361361355855538e-01
-8.470661335095831523e-01,-5.698073813763904899e-02,5.284242244091528207e-01
1.938685004689586627e-02,-9.802877411262052310e-02,-9.949947283735909309e-01
2.351167220944278269e-01,9.292486383142704032e-01,-2.849861315619508506e-01
-8.925754676005574761e-02,-6.590741936154746738e-02,9.938255895374589199e-01
8.462804979389216831e-01,-1.809370374349833777e-01,5.010699624728091051e-01
8.392041205760489841e-01,-5.373936481448247093e-01,-8.333373231637057621e-02
8.612452678261565131e-01,9.807214698702447497e-02,4.986365837284776892e-01
-6.757558511860020101e-01,5.382050566472806885e-01,-5.036758348255149231e-01
-3.144197000908554585e-01,8.627852213699572781e-01,3.959064459949726000e-01
7.323269792192105276e-01,1.695042019385018250e-01,-6.595191589581441693e-01
3.743692266978765892e-01,-1.730492442365217098e-01,-9.109893748945718794e-01
7.981771892642265387e-01,5.587247208994794434e-01,-2.252551015938552281e-01
-4.200671760242932762e-01,-8.940231056078297156e-01,-1.557762955853896625e-01
6.877039473539470205e-01,6.755044208421219221e-01,-2.660019891214148724e-01
-7.187480154577687019e-02,9.748575849510624503e-01,2.109187093790810541e-01
-9.873333905389445331e-01,5.956759694638495001e-02,1.470526345255508682e-01
-8.430606715631048242e-01,2.460848087235316117e-01,-4.782164478341054403e-01
-4.703889399196886645e-01,8.655553544897759410e-01,-1.718958216924134086e-01
-8.195614779275676165e-01,-5.205251141341142862e-01,2.395257594766135589e-01
3.901650397190736808e-01,-6.566010968101643197e-02,-9.184007794953630288e-01
8.826093372873250464e-02,-7.101600925330331382e-02,9.935626472483085614e-01
2.701892185633066323e-01,-8.609259325746184688e-01,4.310502578501412829e-01
4.553912824711656149e-01,-7.489963398514130066e-01,4.812725451742012606e-01
-1.511133441961191870e-01,-3.045075990103561780e-01,-9.404466382261214008e-01
-5.462219593786616922e-01,-7.158928305430465322e-01,4.349011683930048000e-01
-1.695909728223709279e-01,2.575560459093774734e-01,-9.512643087768448691e-01
2.452048562676345800e-01,-9.534944972766888904e-01,-1.752792689562659711e-01
7.251886055282118493e-01,-2.455482269561868880e-01,6.432787534581879685e-01
1.288233565531983205e-01,8.050359909033217853e-01,5.790695952618082343e-01
3.455875192356014369e-01,-9.067401137406272404e-01,-2.416436067480725591e-01
7.312859149878515874e-02,4.151240762913738780e-01,9.068209362319760158e-01
-6.672833124128608739e-01,5.533029602036765304e-01,4.985868181221493334e-01
-7.397111150306108218e-01,-1.523646414768480006e-01,-6.554483063734334314e-01
-3.983194037233385720e-01,-7.616827956105945985e-01,-5.110586771480483126e-01
-7.897377753298518988e-01,-4.712011822329453814e-01,3.927896282736232370e-01
8.711111512777751642e-01,-5.778117018159512064e-02,-4.876747876320393082e-01
9.065375617457465118e-01,4.167590093590317624e-01,6.709379451301997199e-02
-7.790278558041295875e-01,-6.250172229707081639e-01,4.968974613745100882e-02
-7.736961228769055898e-01,-6.335458189493745618e-01,-3.742290342937968934e-03
3.510200579897264639e-01,-7.701268143254870191e-01,-5.326252047601258699e-01
-3.887556023269576611e-01,-8.531059799423954537e-01,3.479644646309870692e-01
5.221396728467780912e-01,-3.874173676303090397e-01,7.597880923638259398e-01
-5.610404212924686995e-02,9.913174939838865773e-01,1.189199839314930562e-01
-2.472691951648059439e-02,-8.728403041712696764e-01,-4.873790956385296580e-01
9.058278822333035718e-01,-1.679705687320295626e-01,-3.889238174868786535e-01
4.020557276784781364e-01,-4.690091831571177594e-01,-7.863724168326496899e-01
1.193448809470037120e-01,-9.901210757647629368e-01,7.360064346304401317e-02
-4.570621962710377240e-01,7.852241882383860505e-02,-8.859618380505726032e-01
5.595199532842606294e-01,-5.931872146212014973e-01,5.788491602194127950e-01
5.805580786167126028e-01,-3.530703288631598102e-01,7.336849870546153785e-01
-7.684915647208648837e-01,6.049550430432732995e-01,-2.084469017505138910e-01
-5.119662834070641821e-01,8.538996793036038868e-01,-9.351931532876084363e-02
-4.801602340242608902e-01,-2.255500097966071371e-01,-8.476870547215625828e-01
-4.069179651528598840e-01,7.933042374403282970e-01,-4.528643908446274291e-01
8.026471053256911681e-01,5.395735550181592899e-01,2.542007140771920248e-01
-6.760645849754546299e-01,-5.058535268066124413e-01,5.357694339538958683e-01
8.475440889930730970e-01,1.497470339266295802e-01,-5.091609205772559266e-01
-5.251464557436903435e-01,-8.221950216311301185e-01,2.195826642174330268e-01
-8.122520159924968564e-01,4.983816447725414878e-01,-3.030881038080198153e-01
6.752536459176421424e-01,7.156646445623229269e-01,1.784842575646815033e-01
-5.659150534415184897e-01,-4.183833408620479116e-02,8.234013031864684251e-01
2.959129829607936024e-01,7.442009183964128916e-01,-5.988326139858953789e-01
9.337835059324492426e-02,3.740060462001303376e-01,-9.227133688455104732e-01
9.658954634904285408e-01,5.603877741306544091e-02,2.527955874509264511e-01
-8.450628873627592519e-01,2.364860117476684787e-01,4.795238082199861918e-01
4.851166006984395929e-01,6.364581357984927523e-01,-5.996523368608663862e-01
-7.438416552907922696e-01,-5.685328894598932203e-01,3.513829043317826528e-01
2.913739869055305687e-01,-1.196707008545508516e-01,-9.490943699715831405e-01
-3.588046312110612091e-01,-8.345161153471761795e-01,-4.181412319388664312e-01
-7.130697553978435632e-01,3.158756538674899472e-01,-6.259026243998703221e-01
-2.002004907185896132e-01,-6.820104111776308375e-01,7.034071101157244321e-01
9.457036346730239851e-01,-3.115990477364740663e-01,-9.246982651629846728e-02
5.019925917553411665e-01,8.024346340732131377e-01,3.226485640174831526e-01
-9.953168656120612301e-01,6.757106121021617950e-02,-6.912661365282737891e-02
-8.101418730528939793e-01,-5.489215203141791788e-01,-2.058040574486292018e-01
3.481943446522712260e-01,-3.575054707412562982e-02,9.367404105386273327e-01
-5.848177870654698296e-01,-7.906125684824809596e-01,1.814384812805182323e-01
-6.946798722835106563e-03,-4.153411122534301364e-02,-9.991129363551577436e-01
-3.478146637778400385e-01,-3.492639237941709829e-01,8.700802671001153232e-01
-2.852152077474022218e-01,-8.586203964014612611e-01,-4.259381412282816082e-01
-8.005207112511194545e-01,-3.466769851695118976e-01,4.888575035854312301e-01
9.109934208931719235e-01,4.068930142705066144e-01,-6.729830627302117729e-02
5.089051375417403579e-03,6.280861432076924045e-01,-7.781271735819181856e-01
-1.221100080653051562e-02,-7.871736106999324134e-01,-6.166105724660698728e-01
-7.071478607372149172e-01,-6.225205631829128228e-01,-3.352760824592317390e-01
-4.188597679925700201e-01,4.668108876294882470e-01,7.788736033194217923e-01
6.364094268547745292e-01,7.328395957320719134e-01,-2.406847904160767659e-01
3.130456906551878360e-01,6.889787899038530838e-01,-6.536900049907744537e-01
-9.338502880556845964e-01,1.932076857356154198e-01,3.009890856343507282e-01
-5.400747859507065707e-01,8.402001931139202462e-01,4.881455798867517099e-02
3.092201358317200333e-01,-3.447451962784608970e-01,8.863033663701939124e-01
6.315843453208042080e-02,-9.934144097787434013e-01,9.559718924428625697e-02
-7.380158720945869666e-01,2.751157230914196283e-01,6.161525066445415755e-01
-4.490694921341451679e-02,9.891255541949536267e-01,1.400500051798276024e-01
-7.788900510077709782e-01,-2.566122273401261755e-01,5.722590787577348515e-01
8.546391997017961373e-01,-2.135349855882935910e-01,-4.732807288099531995e-01
1.734930602308089875e-01,-9.592589984329250585e-01,2.229850487750474897e-01
8.504560604190736228e-01,4.397727543344369106e-01,2.886596851684906095e-01
5.389319493138988726e-02,9.972610560762595888e-01,5.065480800230747621e-02
7.306087512523596894e-01,-9.695830693288247371e-02,6.758771628855176905e-01
9.568779627811763167e-01,1.581082235188832064e-01,2.436931554218305096e-01
1.842442732007578965e-01,-5.651124930524623613e-01,-8.041777900369763143e-01
6.761910035746870884e-01,-1.906631897063876951e-02,-7.364796006445576415e-01
-6.224287828019834379e-01,-7.824509737441837087e-01,-1.878520764910579510e-02
7.332839122800512976e-01,5.752402372073128767e-01,-3.624822388599701628e-01
7.738365971059428527e-02,-6.214284649582613174e-01,7.796399375028282286e-01
6.722315908897162906e-01,-6.898256407487112218e-01,-2.687848090490068120e-01
-1.158922335753783360e-02,-2.881525640109140057e-02,9.995175690804581903e-01
5.870343261341963714e-01,-1.961609330440453047e-01,7.854371956353094486e-01
4.533444283643849881e-01,-3.493744294599652744e-01,8.200099617141810571e-01
-6.619705148745791412e-01,-7.480237249320021986e-01,4.749257179324854750e-02
4.329735718305458003e-01,7.522621185303446367e-01,-4.966241950615545298e-01
5.795084255520069894e-01,-1.053554354626128758e-01,8.081275994128136464e-01
-9.578648161346122736e-01,-2.321669791390569837e-01,-1.690960904599807246e-01
9.168827727937713945e-01,-2.231445877592883320e-01,3.309569064209756384e-01
3.367066649748777785e-01,-3.020118087979666854e-01,-8.918618105447031486e-01
6.575531618240476606e-02,6.854781934834982549e-01,-7.251178419073356363e-01
6.474698169823734917e-01,-5.476854443572592990e-01,-5.299278159674233324e-01
-2.650872072974585492e-01,9.039670804920671987e-01,3.355179427599704334e-01
-2.237076206430680114e-01,-8.682877897825627134e-01,-4.427541242955612133e-01
9.461878770405958150e-01,-2.127915033121413613e-01,2.438201744310124208e-01
8.908035856709198841e-01,3.655256493565582909e-01,-2.699258628184758591e-01
3.867880089129128174e-01,-8.999432768162426433e-01,-2.012389988904443039e-01
-9.231181998509419007e-02,4.741459392056950883e-01,-8.755936022069764624e-01
8.577445171352870990e-01,-3.074539508362161278e-01,-4.120029264939205071e-01
6.783074551199695934e-01,-7.342542090884975892e-01,2.774441861879946292e-02
7.713208134803593019e-01,-2.592330485075891242e-02,-6.359183791632471161e-01
6.792106963608003367e-01,-3.903154711469793980e-01,6.215518183807270391e-01
-8.759371958049108065e-01,-2.321824358944633571e-01,4.228774591622765366e-01
-1.956799396850843198e-01,9.760442821088486376e-01,-9.511530143706706242e-02
-3.935342842504563343e-01,-7.030264257594049937e-01,5.923551399316433486e-01
-7.135600239187691596e-01,-5.674676781977920914e-01,4.108680158710978358e-01
-4.945710787219802507e-01,8.340953962635050400e-01,-2.443037413217474529e-01
4.156544072243181231e-01,3.757204920834935069e-01,8.282907252791970043e-01
8.650659585446555111e-01,-3.571123656631110532e-01,-3.523232119201243906e-01
2.657954297211641004e-01,3.175962632703933086e-01,9.102117353099906660e-01
-3.226485788040345248e-01,8.463339288900193491e-01,-4.238121935543153751e-01
-2.249329813960556923e-01,-8.914377213384669929e-01,-3.933750663872374043e-01
-1.173116043834870614e-01,1.504345930910996332e-01,9.816350751060638480e-01
2.764906186910974228e-01,-8.418480000253034667e-01,4.635136272314016592e-01
-1.137772625588739511e-01,-5.673899600026826029e-01,-8.155509596663860217e-01
8.409777268650301396e-01,-5.386381874568024752e-01,5.123832481821870982e-02
4.906265219825949875e-01,-4.442210724621920570e-01,7.496354145234883637e-01
3.083923233607717140e-01,-8.074854421330611709e-01,5.028532943466907934e-01
1.310526137613723385e-01,9.912925803752842269e-01,1.281532360976866958e-02
4.391418092264457451e-01,8.081119427745742101e-01,3.925679041063183661e-01
-6.598229706281797391e-01,7.495826622628511959e-01,5.253075162550643190e-02
3.842133086818134702e-01,7.937007163639692164e-01,4.716135136688678342e-01
3.955332699100341243e-01,9.161429940326065724e-01,6.508031099532048114e-02
8.072559847321287840e-01,4.857638452813274887e-01,-3.352182300109278756e-01
-5.775428138621347962e-01,5.265178886665052849e-01,-6.238775609607808414e-01
6.848657077361965939e-01,7.057783180524606070e-01,1.812068655819596419e-01
5.938661966568581363e-01,7.794944831923230621e-01,-1.992769207436004553e-01
-2.910391448102321327e-03,1.653323113080432116e-01,-9.862336216430460656e-01
4.247717498932109259e-01,3.362967066925724446e-01,8.405197710704900294e-01
4.536042527617354936e-01,-2.743694639900246535e-01,-8.479177902994453619e-01
-4.877464861760087006e-02,2.658333021270011809e-01,9.627843419647434953e-01
9.911458208159503736e-01,1.226598299660236202e-01,5.083825323299507454e-02
1.314493678570049229e-01,-3.626939283584899587e-01,-9.225910134083685765e-01
9.962921622237417285e-01,8.603404727835571586e-02,-2.649536697165653086e-04
-6.056153506567454325e-01,1.930764811139738671e-03,7.957551879794133587e-01
-6.633936313823131092e-01,-1.784467205213645102e-01,-7.266812628495092907e-01
2.537176105079299582e-01,8.703511164219508434e-01,-4.220382781943009531e-01
-9.189680379245243058e-01,2.720163263946752674e-01,-2.854905663028041163e-01
3.470819039733573641e-01,-9.363240827245340459e-01,5.321056327731484015e-02
2.939927251210487369e-01,-9.437970085356001126e-02,9.511365567796730147e-01
3.273767374786006878e-01,-8.203583641538391147e-01,4.688673864971890648e-01
-9.359079351530421587e-01,3.158334480502887343e-01,1.559665669630338480e-01
-6.665195782446881045e-01,-5.356573434495868202e-01,-5.184813036407917020e-01
8.228716525669884652e-01,4.108517854840400552e-01,-3.925341434400959062e-01
-7.999879658175704233e-02,5.793439341623802807e-01,8.111478277692214522e-01
-6.377709658507560997e-01,-2.973028377595317018e-01,-7.105344592473494814e-01
4.147709030775258432e-01,-2.596565533078977195e-01,8.720914930696874734e-01
-4.773495952270999099e-01,-5.823259030158797200e-01,-6.580531183827519337e-01
8.754028125924693260e-01,-1.810947080708962542e-01,4.481903863470422245e-01
-3.370555337711664823e-01,7.405777367677824907e-01,-5.813245074466957263e-01
-2.894335612370185218e-01,2.904183662472319960e-01,-9.120775110570075173e-01
-4.721032114109102173e-01,-8.622218323736021706e-01,-1.835539962894113253e-01
9.465767824514279560e-01,2.291432239426702822e-01,-2.269047770432812694e-01
1.763811032651516758e-02,-8.478112101119559263e-01,5.300047632546431853e-01
2.977204226805870713e-01,-9.280738013361633509e-01,-2.236997299782373383e-01
5.740898590304538418e-01,-2.994347363314540655e-01,-7.620758967691514396e-01
-8.495149258611529586e-01,-4.418215021641388462e-01,2.883021868882432726e-01
9.069981154525484923e-01,3.340341318112173830e-01,-2.564675756321874722e-01
-8.136589068927736756e-02,3.041248941336429090e-01,-9.491510104301322803e-01
-8.595551205844075282e-01,4.622787559046784844e-01,2.178608420904208642e-01
6.775410040617242391e-01,6.532269694316336084e-01,-3.379833046500877458e-01
-2.641582595167110137e-01,-8.479631789344560522e-01,4.595420123345348440e-01
-6.506263870931152660e-01,4.841383183241482202e-02,7.578531555027414601e-01
7.036526441430049905e-01,-4.148421806275465196e-01,-5.768699347016963408e-01
6.598044216159560937e-01,-6.623738615077928715e-01,-3.548506626840214340e-01
5.493912858651238684e-01,-8.030698929063030400e-01,2.307551995577231951e-01
5.029067200046000857e-02,-2.652775194569205741e-01,9.628596398128468348e-01
6.399327483831878105e-01,-6.890479643628211193e-01,3.401455281996102475e-01
5.324994849096300470e-02,-3.033367644020206755e-01,-9.513943716187430732e-01
8.587541637066992140e-01,2.675715361696709427e-01,4.369745522890434719e-01
-9.013321964368097294e-01,-3.294511318717849857e-01,2.811800550800072629e-01
6.647352025522280661e-01,6.702952518217581979e-01,-3.298960228209092960e-01
5.581651360049989519e-01,5.954088806644410869e-01,-5.778753721819595013e-01
3.007907656480404701e-01,-4.883366439373853507e-01,-8.191777813691221155e-01
3.082570165307293997e-01,3.416515676726680217e-01,8.878354679029115681e-01
4.052925352741138659e-02,7.374597251894859928e-01,-6.741739637007340136e-01
9.945805963537845962e-01,1.917441384761050041e-02,1.021850243927682755e-01
-3.143588464604862298e-01,-2.774941278349565138e-02,-9.488985645168842575e-01
-7.272607786062283697e-02,-3.400873133372917523e-01,9.375774831479439797e-01
3.853293949959885611e-01,7.473334212860929249e-01,5.413076895637531916e-01
1.800026393448651563e-01,-8.765277536022601790e-02,9.797530509268812526e-01
-4.813145567382762224e-01,8.761470957079481314e-01,2.650592677806599268e-02
9.101621548942092632e-01,-3.070323085963953536e-01,2.780935333234081930e-01
-1.744526720917224660e-01,9.542885500306307334e-01,2.426924565792979993e-01
-4.326270894924460486e-01,8.574422940217401035e-01,2.786153510846641201e-01
6.831439488540465010e-01,6.972913396473464642e-01,-2.170233462024509508e-01
-6.611556331110820528e-01,2.610342721493564833e-01,-7.033735405664190976e-01
-9.074862510555922190e-01,3.710005077318024452e-02,-4.184403068272633530e-01
3.036305049930804745e-01,5.147434416543939656e-02,9.513983962202084976e-01
3.082463286730707797e-01,8.889879950422090449e-01,3.386510675170046336e-01
-9.444714995210445885e-01,-3.271907688270995207e-01,-3.032799674889777308e-02
8.126059389177907599e-01,4.420731974486936111e-01,-3.797932017993796983e-01
-8.536333251213160667e-01,-5.099247076715104354e-01,1.062400054049799647e-01
-8.104148691672029559e-01,-5.167798623394888047e-01,-2.759824518209160193e-01
2.363766048964902888e-01,-3.968837355437784264e-01,8.869100298894047052e-01
-3.981859371325090491e-01,9.107109602981245944e-01,1.097884614282089583e-01
3.895471460331682567e-01,-3.622940300761895993e-01,8.467561967819110524e-01
9.251701615046414862e-01,-3.788716632389773631e-01,2.272520750194348751e-02
-3.086065172128422684e-01,-6.906960156022075026e-01,6.539885561422270621e-01
9.212150243312862141e-01,2.914265097477492517e-01,-2.577469075712697788e-01
-4.979944973445277201e-01,4.726757708666289304e-01,-7.270344532759155376e-01
-6.145511451391335589e-01,6.396083507559653381e-01,4.617662261917968025e-01
3.063761699894557711e-01,3.338684203499794334e-01,8.914401384027990094e-01
-2.468224015628593393e-01,-9.689245412180426120e-01,1.624609221160716599e-02
-3.480619988412549937e-01,-7.627137080344865705e-01,5.450877402207043865e-01
7.634400201812673314e-01,5.834933448307003667e-01,2.769383543749535104e-01
-4.214824725181294529e-02,-2.775056961422670554e-01,9.597989965936595258e-01
8.312071393738225122e-01,-4.904194644038554762e-01,-2.618844027196394197e-01
9.980978955436073941e-01,-3.324062978994966888e-02,5.191966335204542538e-02
7.284236501387924001e-01,6.706177986278457626e-01,1.402524655113780716e-01
5.489646309013464232e-02,-8.592651810731568585e-01,-5.085761761383521540e-01
2.008769891655965145e-01,6.998717001312821928e-01,-6.854400328103937845e-01
-9.510698650542505350e-02,-6.687684646426185209e-01,-7.373624629837157718e-01
5.624099972603777697e-01,1.188534698500099823e-01,-8.182718666104773497e-01
4.283033606530897153e-01,-4.757251164473214611e-01,-7.682719862356376384e-01
-6.578618763597023911e-01,3.083625801309011205e-01,6.871173631975147078e-01
1.895495700500708369e-01,3.717081709086995644e-01,9.087926034984782353e-01
5.537638294366095115e-01,-1.516135857797784869e-01,8.187545064393230154e-01
8.163550909959207402e-01,4.642734342090439892e-01,-3.435324492573919031e-01
2.282300729469833589e-01,8.968286823777658068e-01,-3.789582407959683485e-01
-3.223754872462942372e-02,7.971240169023091626e-01,6.029544279045924160e-01
-6.642519498906027664e-01,4.748481893971523427e-01,5.773114792664166828e-01
-2.479266302529949118e-02,8.014610777765824867e-01,-5.975328147217630059e-01
3.829789127949738692e-01,-8.752649401218011160e-01,-2.953615359994589129e-01
-6.184202219257597388e-01,6.345971206919435170e-01,4.635115139053064270e-01
-3.122411569696980083e-01,3.316416723555129509e-01,8.902355087567912495e-01
-6.106759514075734696e-01,2.169678572110370074e-01,7.615771998357790951e-01
-2.265736123139100999e-01,1.125115908612107918e-01,9.674737929912651246e-01
-5.259221753711136316e-01,6.268259830272011612e-01,5.748869910294531760e-01
3.184729084719807313e-01,2.248737699805322329e-02,-9.476651963880201590e-01
1.178992977999261671e-01,7.972656315906209157e-01,-5.920027603505683134e-01
-1.328484763391894197e-01,-9.030282087954126791e-01,-4.085233609649570052e-01
2.540235633663188164e-01,9.410436915266479074e-01,-2.234027750332948925e-01
2.907703269427731607e-01,6.618993090910503252e-01,-6.908993570661235983e-01
-6.424899088956814719e-01,7.662620092837917340e-01,-7.017841233954964265e-03
8.647416860485394041e-01,7.829166437006764012e-02,4.960768405197868436e-01
4.873174222232504182e-01,3.461548931994192224e-01,-8.016848008486783250e-01
4.217666046882040387e-01,-8.860273815253442153e-01,-1.925315827523539636e-01
-8.606805312300168653e-01,-4.534696507632236112e-02,5.071219536955414720e-01
3.147172675878521231e-01,3.214024153976461351e-01,-8.931145104960478420e-01
-7.369932732426324185e-01,-4.455040917107082610e-01,-5.082981600046644344e-01
4.487823973099838160e-01,-1.070064437076923697e-02,-8.935770006411054567e-01
-5.228479471476475682e-02,2.923263657431652285e-01,9.548882636900655196e-01
-7.328373723159776754e-01,-6.475390605873238004e-01,-2.089079958993891872e-01
9.087167701399814224e-01,-1.877257571755115151e-01,3.728174778081638774e-01
-1.791803838109457814e-01,1.645672768460779492e-02,9.836785888547523449e-01
3.761749022452406943e-01,4.615499046490150747e-01,-8.034078219928336706e-01
3.829553643772447558e-01,-9.152866955810600169e-01,1.248817592244580721e-01
2.341309343652688002e-01,-9.697111346002237342e-01,-6.959181708788039766e-02
7.015858939720004406e-01,5.207960616901634310e-02,7.106792159622997707e-01
-1.470081101613050500e-01,-5.282737436729639802e-01,-8.362508399353348887e-01
2.896946530367642270e-01,-9.251242365034079151e-01,-2.454020273671256580e-01
-6.068020901512941601e-01,7.900504475487187817e-01,-8.724398956999744603e-02
-2.578107496213792316e-01,1.560155552336036922e-01,-9.535160008645964247e-01
2.934496122816669383e-01,-9.288223711555214646e-01,-2.262218554710704044e-01
2.160755428438591030e-01,3.937152732554384804e-01,8.934761571469754804e-01
1.052134847697937248e-01,7.884220500276385435e-01,-6.060699577217237843e-01
1.898749863219748313e-01,4.320243345779509747e-01,-8.816475848669402815e-01
9.058291186238114356e-01,1.005870612978933681e-01,-4.115286757355589020e-01
5.397312785509159605e-01,7.506745493512756440e-01,3.810221357218668281e-01
6.835986543246982405e-01,7.297315836718776261e-01,1.359027583219404173e-02
4.371978946132806798e-01,-8.982834816607957462e-01,-4.409974513614887265e-02
6.617122481165453873e-01,7.088329319323100064e-01,-2.443210496473696425e-01
-8.798495601142030109e-01,-3.702991392780155544e-01,2.978981353026635692e-01
-1.497754099603371136e-01,9.475497009516885560e-01,-2.823417978223885516e-01
7.377051996477024254e-02,-7.885513344240022704e-01,6.105282166798294829e-01
7.414735771007335829e-02,9.312572487507618790e-01,-3.567381476570395948e-01
-3.273117239560054403e-01,9.422914109843703034e-01,7.038417539498717512e-02
-1.212369467175659216e-01,-6.461547992060537871e-01,-7.535154797438380347e-01
-4.789815664762669956e-01,8.457819056334106023e-01,2.350098446428530163e-01
3.949186315024805771e-01,8.068603193566831200e-01,4.393355204622536037e-01
-3.889365810764702225e-01,-9.068456663594050005e-01,1.623553919822594005e-01
4.094713229928130249e-01,-3.805347051065645636e-01,8.291722220720949554e-01
1.106070774785057054e-01,-1.111426389483637783e-02,-9.938020665855650249e-01
6.529652086222880181e-01,1.351470555542171048e-01,-7.452326547487552189e-01
8.447822227757987301e-01,-3.157070153777524757e-01,4.320556405409518574e-01
-3.583218036892498598e-03,6.446445397890957496e-01,-7.644740531035733033e-01
2.185145729485911750e-02,-9.446183861176200569e-01,3.274425421698189398e-01
-5.478565167957695492e-02,7.981049341275430198e-01,-6.000225383194485174e-01
-4.656538066052913760e-01,-5.681366961396148996e-02,-8.831414039320076848e-01
-2.701371844135974642e-01,-9.262329040162923244e-01,-2.629039921998899132e-01
-3.488379470601966625e-01,3.591239448895569009e-01,8.656454695184339077e-01
-9.984978683528747956e-01,-3.050239397350822806e-02,-4.551495201194840495e-02
8.035937824861386636e-01,-5.583886188530007288e-01,-2.060077257897353908e-01
2.691908519294063384e-01,-8.923955205268221391e-01,-3.621691872332357121e-01
8.300395534091082883e-01,5.533807496251245128e-01,-6.931151218046921469e-02
6.145698402670267679e-01,2.506510205053405493e-01,7.479826049807525301e-01
-7.110351638268285202e-01,-4.531194298709296797e-01,5.376911549162762816e-01
6.807968070427068419e-01,-7.052633145350893917e-01,-1.977861589986398827e-01
7.782969090693027392e-02,9.383319762469018999e-01,3.368614575250711285e-01
9.542404994045365629e-02,-9.954310814727946877e-01,-3.348541602559393458e-03
-4.262708531758559460e-01,9.031682368460476340e-01,-5.079661096106204837e-02
6.123159908914518196e-02,3.896823375831344749e-01,-9.189115120884764343e-01
3.819380135320695757e-01,4.853492180488295227e-01,7.864855309276619355e-01
1.479771174540970430e-02,-3.842554961115831058e-01,-9.231081959527501768e-01
6.124557360629219183e-01,-6.112783346435274323e-01,-5.012352431334615721e-01
6.025394784793655090e-01,-6.306809277483619303e-01,-4.890682408910638768e-01
7.745015235219446792e-01,6.323758946479071108e-01,-1.575175959839669043e-02
7.438178569727982303e-01,6.565153476988635495e-01,-1.253897678609948163e-01
6.673677760592318098e-01,7.437674511302415636e-01,3.781838332053310409e-02
-1.392634359466114469e-01,9.816914865149558578e-01,-1.299519938762007942e-01
4.447395439489970626e-01,2.733788008858914140e-02,8.952426365853560775e-01
-4.054194071927379184e-02,-8.824628669828182836e-01,-4.686316671322796612e-01
5.115676281544788706e-01,1.951576728140002326e-01,8.367867378049347327e-01
-2.814871869316123432e-01,-5.300912479464007232e-01,-7.998551321607902942e-01
4.054183038570503828e-02,7.916432975519935855e-01,6.096369816784267259e-01
3.738905690985661057e-01,-3.342197160441864878e-01,-8.651606924418687727e-01
2.461269936747180476e-01,-5.964349258940836451e-01,7.639940328028512750e-01
-9.395463258479803681e-01,-8.808957467528201468e-02,-3.308971568615972081e-01
4.076106153457116632e-02,5.348276340937330176e-01,8.439774509264302838e-01
-2.988468724452881808e-01,-9.291624182702181711e-01,2.175953751896163302e-01
-2.620528632472383657e-01,5.013323157203058988e-01,8.246176120350813266e-01
-5.207017411399198492e-01,-8.534050260658611053e-01,2.386541974034275121e-02
-7.559642212313419929e-01,1.933501570585688112e-01,-6.254069179210581808e-01
1.966780617161793532e-01,-7.921358149699222473e-01,-5.777876692016746807e-01
-3.130727952375630951e-01,4.604332802756114784e-01,-8.306543320158988886e-01
-2.166830300259765252e-01,-7.944991106585621576e-01,5.672914838612647115e-01
-6.484122891853961734e-01,-9.849044128536772746e-02,-7.548914731329049443e-01
-8.860876184095989316e-01,4.497331266902546698e-01,1.122000323467522293e-01
-3.142491463315952305e-01,-7.991465482114942231e-01,5.124570894343424277e-01
2.870282874103305959e-01,8.024612591480342338e-01,5.231354411553895689e-01
6.155951796469082415e-01,-2.970528036438725983e-01,-7.299330151752323470e-01
7.608423202157155174e-01,5.290462809045278769e-01,-3.758044656864178434e-01
5.678060551838717274e-01,-8.073482526080748567e-01,1.605773418238646832e-01
-5.066563022196776123e-01,-8.588489084356377701e-01,7.535213268379378770e-02
-5.180442992617899645e-01,2.457766256343994760e-01,8.192825851280675087e-01
2.947963589504715848e-02,9.883798006658108815e-01,-1.491184787452829175e-01
4.376724667938916569e-01,7.635313646129570087e-01,4.748290924773096999e-01
5.437362638535667703e-01,4.870549576290201799e-01,-6.834678804593219414e-01
3.153632806657300815e-03,-9.555706166275336200e-01,-2.947454007074509219e-01
6.747796815383341196e-01,-1.006114792381111178e-01,-7.311290663272412838e-01
2.928706674693056788e-01,9.371270832125740968e-01,1.897883085060206032e-01
-3.193680461427904627e-01,-8.590437309240352981e-01,4.000598948445721059e-01
2.389280980838711099e-01,-7.924132667053891410e-01,5.612437783132370184e-01
4.200087106364985834e-01,-3.908873596735855105e-01,8.190236596319296902e-01
9.255948541197142054e-01,-2.337200857659275585e-02,3.777934822653781777e-01
-7.956367194458754399e-01,-3.589403037249301875e-01,4.879795784981786344e-01
7.682588143205685283e-01,-3.930639583651472924e-01,5.052515401788261196e-01
3.732559876057272019e-01,-8.834430698434920792e-01,2.832107167145688220e-01
8.540195271496227036e-01,-3.564140562274449864e-01,-3.789718561722419943e-01
-8.944776941614138721e-01,2.253621253279517456e-01,3.861626174493703600e-01
7.372562622366544138e-01,6.390658418334302926e-01,2.191986623922836386e-01
-7.185502730533757099e-01,-2.424613730817929691e-01,-6.518419959301570143e-01
-2.257710741402413346e-01,3.406850597317945435e-03,-9.741744276311964379e-01
-3.198924015753305539e-01,4.345318752039800669e-01,8.419328363035142315e-01
5.247908695363785458e-01,-8.421409552740973803e-01,1.240691528998337095e-01
7.657894912293496947e-01,6.290095549926539853e-01,-1.338410805793091019e-01
-4.140941029188231481e-01,6.851822756333214581e-02,9.076515446025719136e-01
-9.144738876549128870e-01,8.893454639549040752e-02,3.947507507969275076e-01
4.784510562846635562e-01,-7.612886899663667828e-01,4.376346847193244849e-01
-5.229565992397690044e-01,-5.360552453982121435e-01,6.626923639160466895e-01
-5.144663179154060906e-01,-7.331712295538870272e-01,-4.447295311591145661e-01
-9.081811981228092856e-01,1.123291307627375391e-01,4.032233596386826657e-01
3.327284057967678788e-01,-6.195157458405287088e-01,-7.109796400963916962e-01
-7.072988549342412723e-01,-2.867818789311244454e-01,6.461303922007111122e-01
5.318816246070916520e-01,-8.123723915804171858e-01,-2.390670090230644362e-01
-4.744105116282290591e-01,8.730060355853078713e-01,1.131155528133351018e-01
-2.454750606642361332e-01,-2.976570738662216997e-01,9.225737157372783104e-01
-8.412505525350437718e-01,-4.927789980713745410e-01,-2.224103570413385189e-01
-9.799381277920229394e-01,-1.893784420068780616e-01,-6.210532507372172606e-02
8.401724069888319990e-01,2.365909424127064231e-01,4.879908323963266237e-01
4.538479861185628073e-01,7.622530920650608666e-01,-4.615108115021559487e-01
-8.327195852393436404e-01,3.919640099387924348e-01,3.910783901873353674e-01
4.365594191559460380e-02,-7.709982353355089302e-01,6.353391848807952158e-01
-6.432928524747352772e-02,6.269400020371154181e-01,-7.764070948318612109e-01
-3.224097979666767366e-01,-9.171489080430988983e-01,-2.342857286529375360e-01
6.524634489450827912e-01,-6.682993485986936655e-01,3.573057912394496105e-01
-8.629505481045965931e-01,4.970634618849535391e-01,9.079794262493846857e-02
-8.936226562932292339e-01,1.561809427017313845e-01,4.207684176554028488e-01
5.171049096405396783e-01,-1.877875781010532596e-01,-8.350678642700782861e-01
-2.910485472240921263e-03,3.077547129668544157e-01,9.514612791496062094e-01
1.638385159104027433e-01,9.762000908370633834e-01,-1.420926576357345594e-01
-8.606892509095550592e-01,4.374763143135851906e-01,-2.604390289172310302e-01
-2.271304086221251628e-01,9.221387994820186007e-01,3.131641933060159144e-01
-4.673637394183959848e-01,-7.109964259527038477e-01,-5.254095710579842482e-01
1.304102531368715456e-01,6.917675205326557775e-01,-7.102470439311090455e-01
-7.504147334856710039e-01,-6.401736327054993181e-01,-1.644854028668618073e-01
8.743525794057671607e-01,-2.889735096370031342e-01,-3.898741817747802818e-01
-8.403945103299949038e-01,-3.714326186620218184e-01,-3.946832613642001220e-01
6.761039075927580688e-01,-4.565905785668084027e-01,5.782806841853100899e-01
6.655973620482706909e-01,-5.432855248080113997e-01,-5.116844634816140047e-01
-9.235057269805037050e-01,-3.817231030701850880e-01,-3.774446736516983564e-02
-7.818916311222433579e-01,1.019793760230754409e-01,-6.150168160684243990e-01
-4.251332035375934848e-02,-8.856403004878715679e-01,4.624217509419850103e-01
1.250625960731350239e-01,5.672943807306343178e-01,8.139634098992987177e-01
-7.711939060673090873e-01,-2.014412157269830916e-01,6.038885624443317557e-01
-8.194679329028173864e-01,5.683084351632924358e-01,7.414734969122908914e-02
5.280819049150147215e-01,7.206493382340402043e-01,4.492149073708142093e-01
-5.615412603850804540e-01,-5.969269498206892788e-01,-5.730180009937761998e-01
1.440644469233348934e-01,5.313135194667528705e-01,-8.348361391102603335e-01
-9.812763341984975796e-01,-1.180963747102455746e-01,-1.521512478498148746e-01
4.774559319730095619e-01,-1.491106398119575460e-01,-8.659109943398649589e-01
7.175099911155147225e-01,1.573926509143710184e-01,-6.785329513646045640e-01
7.710741068165176682e-01,4.322376285263145324e-01,4.675632088638468908e-01
7.720853773640572182e-02,9.939411964785477283e-01,7.822876480808749200e-02
-8.563909329364124412e-01,4.312630391127013629e-01,-2.839132985254081976e-01
-4.387702120632938074e-01,5.136658607391237918e-01,7.373113891138989295e-01
2.754968087769641971e-01,9.572792170113156862e-01,-8.785219992641694897e-02
3.697077046015417867e-01,7.843357432656911099e-01,4.981301586875814813e-01
-1.281630792896382709e-01,1.219456176387929136e-01,9.842273575986858480e-01
-4.415181182605556476e-01,-8.573258810292445631e-01,2.646773223475855086e-01
6.957993558278399160e-01,-7.096528191397388774e-01,-1.107074194287986507e-01
1.373911267201042563e-01,7.989452628662004896e-01,5.854999105399060211e-01
8.887050891735004399e-02,8.741222164238381387e-01,4.775064223641894978e-01
7.996046178957134654e-01,-3.615312527199641690e-01,4.795076728756105244e-01
7.565689672254327647e-01,-6.371731438683256865e-01,1.470162663258588187e-01
1.174701772032596264e-01,-7.307192191784953605e-01,6.724954871157163838e-01
-3.568326895739847293e-01,9.213230916528054593e-01,-1.543832647624491794e-01
-2.183466366332601771e-01,9.426925069364420207e-01,2.523005819193238630e-01
-4.142526303978580904e-01,9.085294229780089825e-01,5.448895109746215021e-02
-9.052374808152016672e-02,-7.840045912599192812e-01,-6.141190861035344950e-01
8.673103089500224794e-01,3.651468090505233938e-02,4.964267378651341933e-01
-3.312772360012353201e-01,7.760600127336122478e-01,-5.366435032153911155e-01
-9.308234917029891697e-01,2.565211736347674520e-01,2.603161823070109793e-01
-2.755914178864647401e-01,-9.609461361628117704e-01,-2.513749751050901871e-02
-5.203678181182849194e-01,8.103667860875944928e-01,-2.693009578016355432e-01
2.623348336859211427e-01,1.943873102492001681e-01,-9.451952225064730317e-01
-6.550538061405957180e-01,7.154127534747043438e-01,2.430825029212522193e-01
-5.719083869927769070e-01,7.208644597223877737e-01,-3.915038027867288606e-01
6.962418947480182307e-01,2.051931607958281667e-01,6.878539021916695306e-01
-7.780938994776058770e-01,-5.184075903301018640e-01,3.547160186457199993e-01
-4.394637208788026994e-02,9.820984243446938544e-01,-1.831704159518754982e-01
-5.391627010345051429e-01,-2.915144429925128344e-01,-7.901410705310423221e-01
7.593733269630924543e-01,6.057427637486011429e-01,-2.375454787260971312e-01
-3.883228843924606544e-01,2.156172467485861499e-01,8.959433801093008576e-01
-5.867221362335779157e-03,-9.962538841008162782e-01,8.627730945922335026e-02
8.388862482393846243e-01,4.518483265679457128e-01,-3.034846821383189730e-01
-1.559528853149130534e-01,-9.873174611324276873e-01,-2.971411289220119573e-02
-5.402290063702437362e-01,1.827007935135913919e-01,8.214457016295863001e-01
7.284149743973482583e-01,6.838464404922304229e-01,-4.201988695626050069e-02
-9.470724985210435820e-01,-3.186804573519269046e-01,-3.868395852384678285e-02
8.460043478514887028e-01,4.996118798525369109e-01,-1.861843519917601719e-01
4.437443636651587364e-01,7.787896863380903145e-01,-4.433706848324798777e-01
-2.589089003133037137e-01,9.603130550126988130e-01,1.037546033230965781e-01
9.300745438478070781e-01,3.956764826253064693e-02,3.652338211300620308e-01
-3.810141522341252696e-01,-9.186181900241982001e-01,1.047322144995367910e-01
-6.391892797888920619e-01,5.602089217128717324e-01,5.268804690214459185e-01
-2.331087140587849715e-01,8.786209225936179035e-01,4.167560459196713585e-01
5.828447482220207310e-02,9.234588924941776744e-01,-3.792447677531315398e-01
4.640762476934693903e-01,-4.162434807672169557e-01,7.819044705368688453e-01
-2.705942757168817159e-01,8.235788822240147633e-01,4.984942955580320967e-01
9.821589948488788080e-01,3.574129922216667116e-02,1.846246689024832743e-01
-7.374224498992796306e-01,6.417867085643110814e-01,-2.105182915918055453e-01
-8.711763714489022536e-01,-4.669414011833340483e-01,-1.517150542631440779e-01
5.959730844890169799e-01,-2.697761141705812271e-01,-7.563312308689021934e-01
5.689952016022414849e-01,-6.798853931651289706e-01,4.626016782441699782e-01
-1.730592351965938580e-01,1.189066731848629210e-01,9.777073714487776179e-01
1.845921011258853106e-01,9.491067043405472248e-01,2.551905562080151180e-01
3.561317449166172544e-01,-6.272618217607728308e-01,6.926130140446408179e-01
3.430311469950231285e-01,9.391872937934825361e-01,1.602683275489965448e-02
2.916121419553792116e-01,7.878619814544900457e-01,5.424351176341744019e-01
1.558087071662654366e-01,9.635599800786064373e-01,2.174300153200850738e-01
1.000518207106606966e-01,3.999300633690495710e-01,9.110683715211004285e-01
