-7.928269306310845588e-01,-4.496835091159248066e-01,-4.113516739911013409e-01
7.506173852217549181e-01,-8.964660730747182893e-02,-6.546273953945980217e-01
8.354747219717686413e-01,-3.960782834159266574e-01,3.809251663417482225e-01
-1.461097641763220989e-01,-9.683461091859919545e-01,-2.023802105856468969e-01
-7.019980222403288117e-01,-2.004182416148634349e-01,6.833968870273503526e-01
-9.026508851576710013e-01,2.289495980104092401e-02,-4.297641217456174001e-01
-9.140528557627860540e-01,-2.888952395477228374e-01,-2.846874030205049366e-01
-8.538886408209470646e-01,3.203064661535192093e-01,4.102169631026977292e-01
-1.496070010705399245e-01,5.279158531428482792e-01,-8.360159072835506855e-01
-8.606346174010673922e-01,-3.140786915426579257e-02,-5.082534811352569237e-01
-7.479435861406460440e-01,4.677493452139076802e-02,-6.621121486965705349e-01
9.988858003158443966e-01,-1.304044977199034921e-02,4.535531498203240058e-02
-7.434598317612063356e-01,6.606971216828151361e-01,-1.036667350582730768e-01
-5.118488049641529702e-01,-3.160075720835620605e-01,7.988429227592999116e-01
4.904262462586501115e-01,-2.445552122313933430e-01,-8.364656867744832969e-01
-7.274137806329025180e-01,-2.988709743523652596e-01,-6.176935586802047018e-01
4.685651070094225268e-02,-1.797282096193217882e-01,-9.825997344147644474e-01
-7.243793127578638247e-01,6.834235879748247200e-01,-9.059144908909277927e-02
-3.238186346142682415e-01,-1.202858961127528797e-01,9.384416844284481085e-01
-4.885300108342678638e-02,-5.613029697917552019e-01,-8.261672714336356638e-01
-5.360056166020366053e-01,8.087694058536621933e-01,2.420537690807247344e-01
9.654349728481534387e-02,3.033791323172619347e-01,-9.479664842210626663e-01
-6.708249561014989482e-01,-2.947951005138361724e-01,6.805069632152629389e-01
5.298213359480716811e-01,1.708705563783777803e-01,8.307181260434516323e-01
9.130235177760158694e-01,7.509968991803783744e-03,-4.078377819104692104e-01
-5.894626778331449879e-01,5.886895352019452243e-01,5.531531276106964601e-01
-3.177296149081191290e-01,-9.278800236684714431e-01,1.951577656342048384e-01
1.444683892605014564e-01,5.470109172611360426e-01,8.245653042067722094e-01
-8.393965240272068806e-01,-3.639522135334158359e-01,-4.036734592652452824e-01
1.086877734050947925e-01,7.482085035910569504e-01,6.545005752986577940e-01
-1.626772737952037751e-01,5.368530784818668078e-01,8.278435097982607127e-01
-7.997074338048396625e-01,-1.323082688321412514e-01,-5.856300387752660930e-01
-9.866528685806886800e-01,1.456948186646338517e-01,7.272645141747004216e-02
6.851003221643954255e-01,5.337889069201673387e-01,4.956883611899864928e-01
-5.542584378299053594e-01,-2.064981473915082633e-01,8.063225776438533998e-01
-8.052143233419875035e-01,2.272232229024255257e-01,5.477221014882821537e-01
9.885933266298907451e-01,-5.406270084240237528e-02,-1.405718994695284163e-01
3.401722546697857896e-01,-1.268519510538014539e-01,-9.317679001053418286e-01
-6.567713693536251229e-01,-1.657440776279286987e-03,-7.540879400225396489e-01
5.959847866864836918e-01,2.001433384686617245e-01,-7.776533791509462334e-01
5.794211550920804754e-01,8.080515961094369981e-01,-1.064130774705375065e-01
1.944735033873903896e-01,7.678451730278993415e-01,-6.104046581883120215e-01
9.334983827703607906e-01,-3.043426092481328338e-01,1.896215851667716334e-01
-8.963803305980061475e-01,-9.137631008272480149e-03,4.431916138833922325e-01
-5.963368217446299857e-01,-7.742177985559164366e-01,2.120594148599490025e-01
-2.926659831849727778e-01,-9.015446454099224072e-01,3.186908762720867538e-01
-1.517619781948857105e-01,7.477503471965869508e-01,6.464036821072096650e-01
7.624383092341098234e-01,-6.186471542645844979e-01,1.896405102623471284e-01
8.651507484833814710e-01,5.010355014705679677e-01,-2.185425964843496632e-02
-5.434039436491956421e-01,8.336366138549116123e-01,9.880359339122710138e-02
3.502950649445152886e-01,-2.600075269899550512e-01,-8.998274575628850691e-01
3.938653365035184595e-01,1.861971983044045931e-02,9.189795442415493731e-01
-2.711480905768375860e-01,-2.940374838010925140e-01,9.165264159294359558e-01
-7.449875955121917359e-01,5.438073560824061570e-01,3.863509311540820890e-01
-6.266306055273906939e-01,-7.567355219456324555e-02,7.756336749488332849e-01
3.197165432533148333e-01,5.998897343150693118e-01,7.334259598852135298e-01
-2.741153879260996851e-01,9.249865854451639890e-01,2.631740314860494534e-01
8.601832796124055935e-01,-4.724592464522489599e-01,1.920077756681201342e-01
-6.813977058984594937e-01,-6.498033717504428930e-01,-3.368274698685844171e-01
8.999795628394750002e-01,-3.169933472005392328e-01,2.992524090159777161e-01
-6.017482366604200994e-01,-4.610647205921251240e-03,7.986725246359848152e-01
-1.426912926723094555e-01,-1.810237606541233446e-01,-9.730722445297389500e-01
-9.652620696616889817e-02,9.687778258506742901e-01,-2.283685957148327283e-01
-9.344752974139634016e-01,3.509867228576171172e-01,-5.970124706197545844e-02
2.832193725045819011e-01,5.221381261226640813e-01,-8.044616611667855244e-01
1.019544064288391283e-01,-6.607675075754173566e-01,7.436340497464556387e-01
8.637870764121439171e-01,1.590117142249805327e-01,-4.781078971974780378e-01
7.274862748372010746e-01,-6.731028595831525241e-01,-1.330272917279579636e-01
-4.961377047497237402e-01,1.411316943919682099e-01,-8.566966923968646341e-01
-9.078297662002475787e-01,1.133505122016353478e-01,-4.037285932212759110e-01
2.224988965497468330e-01,7.480076613583319656e-01,-6.252829596137927659e-01
-2.524474075016817642e-01,7.936752517767983184e-01,-5.534888446596876177e-01
-5.113233507425052338e-01,5.336812431082578190e-01,6.735968837070742676e-01
1.437644789687742009e-01,5.275590638038012425e-01,8.372653156468944369e-01
-4.020637770781952947e-01,-3.848867015557226323e-01,-8.307869438834312170e-01
-2.652962574977911214e-01,-4.734645961913690193e-02,-9.630037427337440059e-01
7.136448752876037860e-01,5.185551389692799606e-01,4.709687461225970928e-01
6.525703875725232805e-01,-4.996369930183822139e-01,-5.696619738678330158e-01
-3.919310703275971641e-01,7.785338807988193555e-01,-4.901785721144835684e-01
-8.029204609416769056e-01,4.950049822492798568e-01,-3.320975774521628399e-01
-5.269323147711350019e-01,-1.866338480370674791e-01,8.291623136737524824e-01
6.454814958988868145e-01,-6.282665173972348249e-01,-4.343211042186242987e-01
5.564527927211021519e-01,-8.246616193119553628e-01,-1.014569027058762618e-01
8.965405275924961392e-01,4.136085553198741716e-01,-1.585655869045213551e-01
-6.247513578023222020e-02,8.849751487241461767e-01,-4.614280480745797663e-01
6.571685149355116495e-01,-6.240667819679581729e-01,-4.226939727765361976e-01
-2.675411404406567439e-01,5.428898152648699016e-01,-7.960479801201608696e-01
-7.107351330623641328e-01,1.198433904630404612e-01,6.931761193182773839e-01
-1.309487177777815259e-01,-4.530573050159764081e-01,-8.818114944159071156e-01
-7.958029618241553305e-01,-5.265524512650590072e-01,-2.990654811553143388e-01
7.304580489733252247e-01,6.819395510482116896e-01,-3.727582871307651147e-02
1.541397008296885307e-01,5.889576795779797314e-01,-7.933283080126763975e-01
4.448716870085569486e-01,8.932701191772840499e-01,-6.448004562002850049e-02
-8.337839987853864487e-01,2.232509101981595967e-02,5.516392242040152327e-01
-7.398553278144448520e-01,-6.195362683437082296e-01,-2.622763925924961881e-01
-2.526200894088959648e-01,6.411687778652521708e-01,-7.246279657298774213e-01
1.574897624018416487e-01,-5.559008475579838571e-01,8.161931281399804616e-01
-9.027079529232145960e-01,4.295182975827292471e-01,-2.514724181323936894e-02
-7.217149035219166953e-02,9.442052999348183873e-01,3.213528085381286981e-01
-5.084080663071074424e-01,2.770185237702263992e-01,-8.153416312209453842e-01
5.098868543595725528e-02,7.303883198594727233e-01,-6.811263144016457272e-01
5.069914158647110813e-01,-7.659537175786754748e-01,-3.953158316674180162e-01
-2.288760003553465816e-01,5.729055563328999678e-01,-7.870165182410275850e-01
-2.073819053177387017e-01,6.898914803640217031e-01,6.935722678048216183e-01
4.748965816523026962e-01,-8.791713397577411993e-01,3.912789393177188574e-02
6.982740397164186597e-01,6.255145215107715817e-01,3.480588295637161989e-01
5.890108821704564956e-01,-4.780804910789054341e-01,-6.515406547058543163e-01
-7.025285405402574845e-01,6.207216563470956405e-01,3.480779726844172584e-01
-3.009354725068988379e-01,7.664710004059809290e-01,5.674152332496055218e-01
3.975692612169002271e-01,4.592806908496473994e-01,7.943550399840859644e-01
2.133893457586090447e-01,3.059939422173053591e-01,9.278106996812578444e-01
-5.538408907590793018e-02,-9.973415964034479941e-01,4.735338172351995223e-02
-6.394028131868393361e-01,7.147560790673936904e-01,-2.833510012774992370e-01
1.726689142834489932e-01,-9.664802636509546296e-01,1.900035421073936470e-01
8.654584843117285597e-01,4.873274837966237033e-02,4.986047845420359392e-01
-8.126445243349358361e-01,-5.337472173824542310e-01,-2.339290170221147158e-01
-2.199857317183768479e-01,9.732887650402909374e-01,6.569062099474703986e-02
2.981137682319807691e-01,-7.043810586916630090e-01,-6.441859245178682691e-01
-9.657780516507317170e-01,-2.237069647741518619e-01,1.312552812699465388e-01
-4.279263838661435115e-01,5.637705107066679489e-01,-7.064289215829070434e-01
3.306322897988100418e-01,-7.754375522952577926e-01,5.379394867759149657e-01
5.483918624540415898e-01,8.335337474731508989e-01,-6.699146973722282239e-02
5.308768020281988687e-01,2.637614550253066237e-01,-8.053568872936056611e-01
-3.815912412212197902e-01,3.752837735199945901e-01,-8.447190147947671868e-01
2.810124605028156419e-01,3.857931327034381380e-02,9.589283777372230588e-01
9.741673847521755691e-01,-1.602246448508862220e-01,-1.591413512180734624e-01
5.730699516142109262e-01,-7.510447906074573243e-01,3.279063175028598676e-01
-3.186358831474643549e-02,8.107945021428037968e-01,-5.844629903036729912e-01
5.070078619662271580e-01,-8.590273140201024615e-01,7.081738255430773676e-02
1.911991734537655738e-02,7.259841081298942234e-01,-6.874456367623172914e-01
4.512959623239468088e-01,8.498105528622347249e-01,-2.723122814602485509e-01
-4.290886495849318694e-01,1.654977852199260302e-01,-8.879715163701359382e-01
6.464430711678668118e-01,-6.188877266687830420e-02,-7.604479834655646364e-01
-8.492346318509726988e-01,-3.709966882947118155e-02,-5.267106934909207006e-01
-1.437847235838639604e-01,-7.011977852706166026e-01,6.983177064885968122e-01
-9.662441931513037208e-01,-2.226147182351106424e-01,-1.296720726544008107e-01
-8.575769918133511194e-01,-4.954009060059401670e-01,1.383461074293640125e-01
-7.981642187067168603e-02,9.270313222961116262e-01,3.663908654452043834e-01
-7.738548328337490068e-01,-2.115827184668661598e-01,5.969769266445908995e-01
-7.700371668519273571e-01,-6.042368552552088712e-01,-2.047940048388937062e-01
3.127337960608705392e-01,8.760574422501016256e-01,-3.670434997102760555e-01
1.651457096672257485e-01,7.737278343234617051e-01,-6.116143662240400847e-01
8.971317016622815110e-01,1.470826900345223107e-02,4.415182631505308875e-01
8.766488230247717617e-01,-4.698083380856512004e-01,-1.037639944994450669e-01
-5.249477123269779000e-01,1.100106945211600240e-01,8.439949919363528563e-01
-9.314607293717692693e-01,2.822041270601701735e-01,-2.296556994903869997e-01
5.542640833124176103e-01,8.201609698124110448e-01,-1.418707494383917300e-01
-4.736159423477952490e-01,5.616741119755512823e-01,-6.783878913206556893e-01
-8.665937356453313756e-01,-2.404676919851410077e-01,4.372534579069772831e-01
-6.741975296888904623e-01,-1.661653271783007646e-01,-7.196157134228837737e-01
-8.253914532964833350e-01,-5.603035451738784811e-01,6.920177808916967710e-02
-8.251733835651223758e-01,5.621035728315925128e-01,-5.593264221942122194e-02
1.632281876396822484e-01,4.173679323907781291e-01,-8.939578109573804721e-01
1.016630627561327799e-01,6.046607742994539736e-01,7.899683346151461505e-01
8.830589748979420506e-01,4.560342183127161220e-01,1.106329000799755741e-01
3.729473075749647482e-01,7.619962687883750085e-01,5.294072082293357351e-01
-8.320005402406308592e-01,5.404726248997886451e-01,-1.251576716515238052e-01
7.500059294772621898e-01,5.510860965893358276e-01,3.657802891010900614e-01
5.455939696784324333e-01,5.620537310648942020e-01,6.216291689154889166e-01
-6.032735175570530517e-01,-4.312222037225371674e-01,-6.709012401471760034e-01
-7.156098168851483532e-01,-3.822566063368944000e-01,-5.846216527716066036e-01
6.248096148718175202e-01,-1.716683386392320321e-01,7.616711407638975251e-01
-1.811799224079842230e-01,3.528822562433736043e-01,9.179585769220868219e-01
6.422714933768001178e-01,3.500308837599115375e-01,-6.818839411584572963e-01
8.784644250832807089e-01,4.165574755664997603e-03,4.777895999810546357e-01
-8.999143929846692425e-01,1.012486645689492926e-01,-4.241494939547122422e-01
4.623434644905913271e-01,2.434511874578542956e-01,8.526253809078158108e-01
4.448060013047888672e-02,6.693751847509702424e-01,7.415917598326162707e-01
3.374470975584173971e-01,-6.231051529376070430e-01,7.055986286352896597e-01
9.509208494958288904e-01,-2.400970850716905303e-01,-1.951997124337232770e-01
-7.158612046849429644e-01,-6.846808654312331877e-01,-1.369483411340185475e-01
-4.858972399805635001e-01,8.555191742941438138e-01,1.788597623679984150e-01
-4.593386045237448645e-01,6.745667533530171900e-01,5.778994217551600698e-01
9.957921787308459116e-01,-8.493212703780671224e-02,3.441613829744481767e-02
1.411196209847978833e-01,9.306631259265162326e-01,3.375668802086368991e-01
9.104723439876200031e-01,-3.496411900472092826e-01,2.208871862649808560e-01
-9.574513435959919327e-01,2.856045179081609930e-01,-4.143650560407687727e-02
7.941258692104673500e-01,6.884064473709684828e-02,-6.038419242507929718e-01
-9.585010170067090329e-02,-9.852287972881416112e-01,-1.419048096370696399e-01
4.238304639733003754e-01,7.657129537360665150e-01,4.837886008257795689e-01
-6.108318506659464742e-01,5.021233503833141126e-02,7.901665467621449279e-01
3.020529603545000774e-01,8.277681480685116222e-01,4.728254457876707728e-01
3.992855976580738653e-01,8.470278562133710665e-01,3.508772182707441956e-01
-7.586408286072787721e-01,-6.265291269352984971e-01,-1.786766528446123437e-01
7.495218504226967005e-01,2.973251679613423404e-01,-5.914513845073795517e-01
1.271469491283712394e-01,9.280305785195152035e-01,-3.501326872202611962e-01
-1.653824082967751408e-01,2.153384304359500234e-01,9.624333843977671554e-01
9.597973652413963608e-01,1.638680326043942537e-01,-2.278953390616809405e-01
9.221418512758924324e-01,3.565846007097382975e-01,-1.500060954166407001e-01
-6.218603886387161772e-01,-7.826755662091522403e-01,2.661982534292350530e-02
9.913704162295591260e-01,4.801697454455682718e-02,1.219797851302335256e-01
-4.355727772648887997e-01,-2.974323080824170518e-01,8.495942430445947435e-01
-7.052806337488858324e-01,2.137769743015515977e-01,6.759279790904085816e-01
-2.159284171149930265e-01,-9.746261957311109780e-01,5.898048216923872794e-02
-9.292731424801758955e-01,-2.782833774177876918e-01,2.429193045395280082e-01
-2.119453068654933714e-01,-9.699545376358199578e-01,-1.194461460967859850e-01
-9.989791082624237539e-01,2.618549686661629863e-02,3.681115332424776676e-02
6.933292630834243520e-01,-1.850639144555203119e-01,-6.964523533728602667e-01
2.472540737672024869e-01,9.663044142847923013e-01,-7.156257359295552234e-02
7.142180145513561396e-01,-4.866015343765418000e-01,-5.031019523244905089e-01
-1.567300124534825034e-01,1.028037719850531523e-01,9.822764822909976212e-01
-4.673802008128052354e-01,5.311954357657039383e-01,7.066733028138713069e-01
-4.959088000764931836e-01,8.333132442324552303e-01,-2.442611286993352504e-01
-6.618140558375337212e-01,3.533611048064826815e-02,-7.488347713561205321e-01
6.078123585014399977e-01,1.411134303583723992e-01,7.814417039200107773e-01
-9.775132294795431109e-01,1.858338882988022911e-01,-9.966770867348365148e-02
4.718403582484298475e-01,2.613582393404261239e-01,-8.420561424613359769e-01
-8.411368146778749333e-01,4.534974458280517373e-01,2.946674831415769247e-01
8.941865807026136981e-01,3.852709518477306916e-01,-2.280277451401727662e-01
3.533359821163198911e-01,-3.739343480438796913e-02,9.347488511763070163e-01
-1.088378279674298565e-01,-9.869933782548566681e-01,1.183148278298104955e-01
-5.691773702772295884e-01,-7.847896439891077769e-01,-2.452393440126336976e-01
-6.698794500552309739e-01,2.019219819669061944e-01,-7.144851542140380207e-01
-4.013553072855203241e-01,4.763762018528375219e-01,-7.822912703220009645e-01
-5.432235908249065659e-01,3.464075304597159788e-02,8.388731421375358321e-01
-2.519005113770926285e-01,8.367610540143416431e-01,-4.861862511967685041e-01
8.848177327950795812e-01,2.457948038394640600e-01,3.958313960980034962e-01
6.043799649083413383e-01,-5.696914953414554672e-01,5.569348778385211363e-01
1.860782459621869167e-01,8.307441004779835270e-01,-5.246323721432578635e-01
-3.770033385874838050e-02,1.257887219053556438e-01,-9.913404472068896300e-01
-2.343795551309830194e-01,-9.020070698274564869e-01,3.625596090546885364e-01
-2.748667209198337943e-02,6.627139810914329798e-01,7.483679991309434287e-01
-4.953414685006675700e-01,6.960866245216389414e-01,-5.197116900221437907e-01
-4.300406570824700792e-01,7.925243026265994528e-01,-4.324005816396406798e-01
-5.076277632478962687e-01,-8.060355909200854763e-01,3.043364587919863418e-01
5.489134448801940014e-01,-2.417432016122773586e-01,-8.001588932855799863e-01
8.121807669173416455e-01,3.567556129404230170e-01,4.616143785510388731e-01
5.353857909861510223e-01,7.943142472066940796e-01,2.871009082092852993e-01
9.260787837438697601e-01,1.184316791349767917e-01,-3.582625066578204454e-01
3.580077712366426801e-01,2.168468174143879310e-02,-9.334667697952315768e-01
9.622440850351239305e-01,2.560979384667692177e-02,2.709805514682702698e-01
5.921992641089851572e-01,7.271164390368891617e-01,3.472775772650604220e-01
-8.930757680617442684e-01,4.482486323653640525e-01,-3.858543874969166260e-02
2.325687903837349579e-01,-9.504885841757552134e-01,-2.061145533217262349e-01
-5.665125736230465225e-01,-4.591334610600936172e-02,8.227730358831299995e-01
-8.390126359252040311e-01,-5.236396390693445202e-01,-1.478489944273127521e-01
8.662599364602525664e-01,-4.586812737145019025e-01,1.980030596418182187e-01
-1.292111469574540872e-01,2.312863831788077862e-01,-9.642671250530140403e-01
-5.411797457667099076e-01,5.250829753479391293e-01,-6.568198777226788021e-01
1.202438131344884392e-01,4.577894110505743019e-01,-8.808917530167066356e-01
-2.214011516416162506e-01,8.756690585335377142e-01,4.291680672868773416e-01
4.341759095476889485e-02,-1.764691588047756499e-01,-9.833481320399298786e-01
7.223256294646711595e-01,4.370368048106448855e-01,5.359519719707811491e-01
1.332762940313073630e-01,-7.154418247262349650e-01,6.858428572797675704e-01
3.670244755960395955e-02,4.329005281810437977e-01,9.006942117298789574e-01
-4.474704566829256214e-01,5.005510063002327481e-01,-7.410930309264810445e-01
-9.622806512825619052e-01,1.905852930677902346e-01,-1.941473518579976687e-01
-5.575003915629326290e-01,8.280008277903900815e-01,6.006615174626735165e-02
-9.383174699483897152e-01,1.640186733166230093e-01,3.043980952521022076e-01
9.410429665571154456e-02,1.739717178690503852e-01,-9.802439608243579405e-01
-5.389965634472908551e-01,3.457381455314579299e-01,-7.680806203234651353e-01
4.248060702346577178e-01,-2.970396512238680509e-01,-8.551650415519743698e-01
4.752121453539116525e-01,-6.609548555412114723e-01,-5.807857572673671420e-01
5.805731533214656404e-01,7.933513629270689815e-01,1.831076966818487306e-01
5.404823951463538778e-01,-4.322766482664703869e-01,-7.218141588389402896e-01
-9.402160121539719917e-01,-3.376595959049611961e-01,4.449548047364533521e-02
2.813319422727983965e-01,-5.706903275446576496e-01,-7.714693048358997052e-01
5.677835030469745581e-01,-6.274085243352777175e-01,5.328981490483293282e-01
-5.414151280012318157e-01,-1.164764061203648476e-01,8.326481285565312529e-01
-5.563206777990773455e-01,-8.245664428623717956e-01,1.029440855924717568e-01
1.764086542910091315e-01,-7.742825473301531147e-01,6.077553155597772427e-01
8.368270633212268050e-01,4.279279717445669262e-01,3.414646644848517987e-01
2.305343345183797632e-01,-3.892157554543312359e-01,8.918323925011257813e-01
-2.634443290362712964e-01,5.408411969366169192e-01,7.988040342880073919e-01
9.701027300884521587e-01,-2.064569747874388794e-01,1.275782529922343256e-01
7.595250189674266350e-01,6.233375561436551582e-01,-1.859355712696890428e-01
8.607037239206883905e-01,3.532667628518205705e-01,-3.665947270396218705e-01
-1.597891018017999210e-01,-8.524977345122888295e-01,-4.977098106294360891e-01
3.727279397393239990e-01,1.974203640086572009e-01,9.066967976188997635e-01
-8.678203645302884350e-01,4.686036619335899323e-01,-1.652223439155459106e-01
-1.803589889698000159e-01,9.371252721160406862e-01,2.987756005085224209e-01
-9.939415405303821949e-01,-9.113322012939809036e-02,6.144062334430824834e-02
-1.701935403286779225e-01,8.336604514185299575e-01,5.253992868010420869e-01
1.512340587843722384e-01,8.265632878556047336e-01,5.421451748682616367e-01
-6.866209532776811342e-01,-4.719945945648785224e-01,5.529672406405139462e-01
-7.126370220170133996e-01,6.074251684235666415e-01,3.509745569358614925e-01
7.570248632812545120e-01,-3.697861387246768050e-01,-5.386757540312094861e-01
-9.223952616452216757e-01,-2.768855349466523008e-01,2.692979424944597633e-01
2.269566871152846055e-01,9.679687722158336616e-01,-1.073644177026357727e-01
6.254798522880811174e-01,7.500369056648577004e-01,-2.149874287542543616e-01
7.596514072667474027e-01,-9.221772630579982977e-02,-6.437589847082826333e-01
6.210226095290234394e-01,3.880801010644969323e-02,-7.828313080129969403e-01
2.120439635810869861e-01,9.614368293676688326e-01,-1.751473112675923371e-01
-5.391741197048159628e-02,-9.983164210553380213e-01,-2.138308064022493432e-02
6.936962970426748809e-01,-3.166455001508213241e-01,6.469320479799383072e-01
3.894178638311248108e-01,9.203910479522415811e-01,3.512899341823215449e-02
-8.991396573747981735e-01,-2.850818635080730190e-01,3.320786166477678325e-01
1.985452175630524341e-01,1.893720912938204604e-01,9.616225910521473130e-01
7.747945593893980076e-01,-1.449886852865795717e-01,-6.153630407161756466e-01
-2.245837023215058181e-01,-9.177342885165185038e-01,-3.276063740720635553e-01
5.601948927856970073e-01,8.198170952710212012e-01,1.186659698405860552e-01
3.277234835616296138e-01,-7.076177243039617482e-01,6.259987816067318356e-01
8.092074377546467634e-01,5.823318854283677792e-01,7.792880017042393137e-02
8.999998487456222218e-01,-6.599287628890544710e-02,4.308656548588830626e-01
2.433330386993894645e-01,-7.962176644460482455e-01,-5.539191846302143896e-01
-8.834091883657807509e-01,4.186063042366418019e-01,2.106109398019314349e-01
2.873114313834572164e-01,-7.654514597716299829e-01,5.757918062371761847e-01
-8.179967539200120319e-01,3.853802267894624323e-01,-4.270402690332912310e-01
-9.436583951932940861e-01,-3.281179793317156035e-01,-4.298168005661004432e-02
3.739774050853269527e-01,8.130670719999453233e-01,-4.461645850076862430e-01
-9.565564059976200406e-01,7.388028424787405901e-02,-2.820311077600651251e-01
-4.559859626451406300e-01,-6.782187685007495803e-01,5.762778009987120642e-01
1.358718302206467776e-01,5.786073976276990827e-01,8.042091302410048215e-01
4.451733485725962725e-01,3.990959971472166634e-01,8.015878459543473999e-01
-1.623690902379571477e-01,-7.381230951700960136e-03,9.867024860437596523e-01
-3.806905450483737408e-01,-9.208464969044219961e-01,-8.435898321830553881e-02
-3.490026858510579706e-03,4.816254971861516632e-01,8.763701844384705897e-01
1.954830847131760752e-01,-1.934874970857181076e-01,-9.614306798009544242e-01
1.796648437367135143e-01,-8.768468304848033856e-01,-4.459374169026601442e-01
2.810546916893453817e-01,-9.592826020457898561e-01,2.802052268723918826e-02
-7.916769496389400862e-01,2.396819811408161804e-01,5.619609909297944572e-01
7.265501430102766500e-01,4.128742060195681463e-01,-5.492356322157709858e-01
-9.203432602343305513e-01,-6.795847427516261974e-02,3.851622114323199897e-01
-1.565393959556306835e-01,9.559443062659125356e-01,-2.483261984399341427e-01
-6.095590789109593954e-01,5.818272857370918594e-01,5.384373119398683238e-01
6.026545384823176477e-01,7.502830846407794185e-01,-2.718139072023018632e-01
-8.512626225314497974e-01,-4.435895537443420023e-01,-2.803216996412765116e-01
-2.036535722521325420e-01,9.328319550039806396e-01,2.972368857197854597e-01
-7.582851690058086680e-01,6.081098581973006789e-01,-2.349595770107934523e-01
-3.867025096082726821e-01,1.450336775181614024e-01,-9.107285004040566179e-01
-9.055386750681690966e-01,-1.860372591491879779e-01,3.813002047783909942e-01
7.121052628461799205e-01,-2.740439412204674907e-01,-6.463791556873765831e-01
2.875825839471715661e-01,3.701419960962668010e-01,-8.833409082206818974e-01
4.806610181606118526e-01,2.936805759479222400e-01,-8.262667274746700041e-01
9.662060170567783601e-02,-9.604126026690257278e-01,-2.612892878794322860e-01
-1.541440735381178484e-01,-8.859387079090683681e-01,4.374382361219532611e-01
7.397831827079673905e-01,-5.070407275124438895e-01,-4.423014167127682916e-01
-7.562644862530403245e-01,2.225407174346045736e-01,-6.152557646346081821e-01
7.415805721214220325e-01,6.705481363579495202e-01,-2.057794642195868995e-02
-2.542510872428815211e-02,9.105915379795952447e-01,-4.125246838751753242e-01
-5.820274617961080921e-01,8.126288900116613867e-01,2.963647809026596219e-02
-1.568157510031132629e-01,9.124843564889963954e-01,3.778638900453331617e-01
-2.275922168237041743e-01,-3.356575732690216807e-01,-9.140764608873939157e-01
-7.436922565998280721e-01,8.127373398091208455e-04,6.685216278711346716e-01
-8.702612064373801415e-01,-2.837402860131919557e-01,4.026622439008996635e-01
8.654278922006705121e-01,-4.127251856236014982e-01,-2.840642261057669260e-01
4.712856477175496051e-01,9.378176713852794805e-04,8.819801351240657006e-01
5.369983184966266032e-01,-1.411869475104104710e-01,8.316844664802198750e-01
-9.019967408745203086e-01,-2.725278222511864357e-01,3.348588740809615438e-01
-3.871184877853547923e-01,9.202035184391906819e-01,-5.800656055063306560e-02
8.477811102436993984e-01,4.662016965339828012e-01,2.528303131801969417e-01
-1.680723023907967351e-01,2.763872997031064371e-01,-9.462355741208856585e-01
-8.784769923084024823e-01,-4.385631932747523498e-01,-1.895797971552748151e-01
-2.847219475639748421e-01,-5.414027737530272555e-01,-7.910856142971540717e-01
7.111493090119027638e-01,1.257377320042823987e-01,6.917056332301424471e-01
3.312552622149791959e-01,9.332586658440540361e-01,1.389180113659178317e-01
-6.457702832509558677e-01,6.909497285088942453e-01,3.249141639625232614e-01
-9.900665859613676512e-01,1.247317038357680097e-01,-6.488572586500224171e-02
-2.311375437833352309e-01,-2.610000273696662654e-01,-9.372589938575357493e-01
-9.385790927723636212e-01,3.194803110152803494e-01,-1.303902507252239495e-01
-1.010385215146680088e-02,-9.951192722003431301e-01,-9.816081839084696281e-02
-4.104897898503161446e-01,-9.093389440196463225e-01,6.782932491096925476e-02
5.172942899966805896e-01,4.960505922283336422e-01,-6.973811206841991073e-01
-5.832493411006105521e-01,6.161474282054215657e-01,5.293227303087867375e-01
-2.386503250650677810e-01,-8.551771427036585216e-01,-4.601283266041593656e-01
9.778290793794452984e-01,9.234490244022457162e-02,1.879433704956153806e-01
7.769353689233667870e-01,6.270219090086077696e-01,-5.670060087082880868e-02
-4.197281074592322248e-01,4.910901481843071154e-02,-9.063203740798584374e-01
5.082207037161736718e-01,-1.253765450842943274e-01,-8.520518988048575437e-01
3.129789496982511299e-01,-3.041713495589088989e-01,-8.997354984401203515e-01
3.344136104199797455e-01,6.255682538297998585e-01,7.048630341890608220e-01
-8.508900265408156915e-01,3.928529257610552938e-01,-3.487875305316242569e-01
6.944551527517607292e-01,6.892265821679376403e-01,2.066367809699705127e-01
1.035475767953501908e-01,5.549338843829043633e-01,8.254249107602170676e-01
5.288541629461748217e-01,-8.487121902816924246e-01,9.446701822427085475e-04
2.989642160177800601e-01,5.108574227084733410e-01,8.060056396853130245e-01
-6.622267597990457721e-01,2.804454932277728463e-01,6.948424597952316262e-01
9.746458466941874121e-01,1.960975765771569568e-01,1.077553431730250005e-01
5.056826290257607770e-01,-7.559235125288102375e-02,-8.594014633066759945e-01
-5.099155273321895887e-01,1.595151903450726660e-01,8.453053052209659191e-01
-5.519958780339487836e-01,-2.564594595303126834e-01,7.934286963873626863e-01
-9.653533679031309767e-01,-4.602739118760800635e-02,-2.568547339227856829e-01
6.570096169679551235e-01,-6.311738187849259551e-01,4.122595950273010845e-01
9.150490819783964058e-01,3.262780508932747736e-01,2.371240415389790357e-01
-7.562675315020047639e-01,6.065424622786619313e-01,2.452868978335417671e-01
9.152788717306267197e-01,-3.976761896634120608e-01,6.417347690674615746e-02
-7.493221946576250625e-01,-5.839342539102213570e-01,3.123091988779599371e-01
-7.602515502193745167e-01,-4.963339603741210304e-01,4.191302663473236989e-01
7.692370182945618140e-01,2.119667998610695880e-01,6.027806279584217997e-01
4.850992521129053880e-01,-6.859970605841475555e-01,-5.422976567065447284e-01
7.093938466400147025e-01,-8.130784449352833343e-02,7.001067095615493008e-01
8.481157632750957465e-01,1.910419740098809327e-01,-4.941686111548465599e-01
-4.885404878958098801e-02,1.291463120839012046e-01,-9.904213810252647798e-01
-2.158805479979940822e-01,-4.186585605684497446e-01,8.821114434462571374e-01
-9.078296034869317577e-01,-7.370968049825583901e-02,4.128102397392843792e-01
-2.818027493836522401e-02,1.309735917362740976e-01,9.909852624394057674e-01
5.691373342973219396e-01,9.273209461972160839e-02,8.169966054619673956e-01
1.140010525703214622e-01,4.475559237882438257e-01,8.869596693733657888e-01
-5.094891674271821991e-01,-3.443102028501542344e-01,7.885881513741138660e-01
9.265872975475641926e-01,3.681389451515038047e-01,-7.687455421815249379e-02
3.856070315723761355e-01,-6.541410366261760645e-01,6.506971041917831711e-01
5.821973828217765767e-01,7.977392628499236915e-01,-1.570295384414480133e-01
-3.103724291531112511e-01,7.587274881003591709e-01,-5.727141992499540368e-01
-3.856462334094581945e-01,-9.218100318078573663e-01,-3.928419421974479325e-02
4.140886715448840460e-01,-8.642614063548935688e-01,2.856270183012366015e-01
-1.253296906660843202e-01,3.470995474568600581e-01,9.294161461868341023e-01
-8.528214232575720422e-01,2.265561266379366723e-01,4.704975467691034363e-01
-2.706878616280468386e-02,-9.672278685259847464e-01,2.524629302736403069e-01
-1.819921205907291395e-01,5.997105315450180774e-01,7.792471664349389648e-01
-4.132369058281093466e-01,-1.753632558911798200e-01,8.935787531856690391e-01
-2.998838789271659477e-01,-8.459002731716089851e-01,4.410469215489366546e-01
-3.399111329530212222e-01,8.879661650040318044e-01,-3.098007609781260330e-01
-3.727858640163262960e-01,-2.369693814716959945e-01,8.971489351465135043e-01
-5.991390836347919580e-01,-7.824385870669615661e-01,1.697710691782282899e-01
-4.402519250395145467e-01,8.074934416813310534e-02,8.942358670481843630e-01
-6.882616689751869243e-01,1.318545277877332389e-01,7.133794632040957318e-01
6.947949393973835708e-01,4.006741878709422777e-01,5.972605690665898637e-01
8.151661729890216090e-01,5.749562021038850945e-01,-7.021022772152764324e-02
2.840632377823177901e-01,6.787721056155938681e-01,-6.771827711768804159e-01
-9.241469950310085002e-01,3.742556071923375249e-01,7.671422332431025726e-02
-1.793594034053598019e-01,4.560383290854452820e-01,8.716990574820122628e-01
2.046301655857442614e-01,-5.260208254767470004e-01,8.254868784524151959e-01
1.643633193391834391e-01,8.826986587959716468e-01,4.402587614296827878e-01
9.982725123532651956e-01,-5.654018805696610361e-02,-1.597492455014477841e-02
-8.601397838435934640e-01,5.057811781734141698e-01,-6.591625031059684947e-02
4.785097880318802677e-01,5.768719774841774700e-02,8.761852372493044161e-01
-1.962109308036377731e-01,5.248077890303535220e-01,-8.282982887862573307e-01
3.112280657919060389e-01,-8.811662839713548800e-01,-3.559256538317273066e-01
-2.000455872829965953e-01,-9.737203742400259987e-01,1.088595232327647100e-01
3.596199351135214162e-01,-7.124014672962160066e-01,6.026256314355911137e-01
-2.550957825351030106e-01,-1.662794337305545656e-01,-9.525110454220724332e-01
-7.333915263534003526e-02,-2.326348349424082335e-02,9.970356959640127581e-01
-7.368368442197963386e-01,6.737368817260752651e-01,-5.612556638677189402e-02
3.254241733599426145e-01,7.017348553110101805e-02,9.429606509931441893e-01
5.804043858815837176e-01,-2.194563170957559706e-01,7.842000215099389493e-01
-4.382951827039414106e-01,6.251512945679887912e-01,6.458197826936602493e-01
-3.613866685556089697e-01,-8.968262682382925899e-01,-2.551515635618493150e-01
7.979867237405036118e-01,1.615507573412790499e-01,5.806191019389186359e-01
-2.943775356188423342e-01,5.728949287065205898e-01,7.649400415622965577e-01
-3.703030714161690273e-01,-8.664878390960492061e-01,3.347752380305487052e-01
3.533552216595557405e-01,5.582087109739456432e-01,7.506950927765093651e-01
7.996081174188195417e-01,4.144248722940220842e-01,-4.346019831777286346e-01
-7.315115863435648347e-01,6.329320800666673463e-01,-2.535503521346458844e-01
-5.853847738067690099e-01,7.402557945605338086e-01,-3.306751052237689725e-01
-4.815645426176974331e-01,4.784459002468499644e-01,-7.342922523289955317e-01
-2.979479053782243536e-01,9.545782398508888544e-01,-2.725744651974691679e-03
4.248361196169734080e-03,-5.676586544436181860e-03,9.999748635802554464e-01
9.833270963615060589e-01,-1.720528716202295583e-01,5.886960954925701817e-02
-5.049299898707818590e-01,7.410655179202924048e-01,-4.425693205347845938e-01
-7.321949819875761545e-02,9.763631413716062912e-01,2.033566356293562138e-01
2.790516916679126602e-01,-4.213859528323358195e-01,-8.628812387187825284e-01
1.885932213927040968e-01,-6.216883058590386840e-02,9.800855234867535959e-01
-3.129392159439277066e-01,-9.496513137546057637e-01,1.521280409888930985e-02
8.200288791369393371e-01,-5.043502803095281095e-01,2.705243651376255110e-01
-2.968619798821940936e-01,4.180646426935574755e-01,8.585423224453947455e-01
4.698678948587712290e-01,5.757817946074613724e-01,6.691034945205398543e-01
-7.278050464155624288e-01,6.805428279098959532e-01,-8.462430970142456599e-02
-1.927162079493939251e-01,2.507106785514046643e-01,9.486857323971411571e-01
3.015778429655740708e-02,2.097262735078518348e-01,-9.772949392311576222e-01
8.919106128729896721e-01,-2.157705804468613708e-01,3.974147899338327794e-01
-2.282115705456801147e-01,-5.079274386637143701e-01,-8.306197662719041475e-01
3.757215887169128993e-02,7.836380981723349848e-01,6.200803689608035407e-01
-2.852518794176636674e-02,-5.175008606332481831e-01,-8.552070935725066825e-01
9.150050238372692268e-01,-2.724761155035503868e-01,2.975274320674556883e-01
-2.394411950122652954e-01,2.797642490574110963e-01,9.297310789042394497e-01
-8.309074067876863756e-01,-8.996437384394784242e-02,-5.490895125425624412e-01
-8.816219895655508232e-01,4.013845894465320474e-01,2.482601032572868127e-01
-2.371212920324774209e-01,7.599774066824663832e-01,6.051510837774660700e-01
-1.472699315911077944e-01,7.329386205292616197e-01,-6.641630415687201916e-01
-9.756047424571080429e-01,7.508561324556124739e-02,-2.062947822382768248e-01
3.822419323046481049e-02,6.234864090413154702e-01,-7.808992308823498041e-01
-8.360721839287469370e-01,1.087355230079898455e-01,-5.377358917691793527e-01
1.194625288496013876e-01,-9.491319127882482665e-01,2.913371180055495668e-01
6.083081546603789080e-01,-6.276187632398779748e-01,-4.858558191510425339e-01
-8.217645954089928262e-01,-5.649889318714790276e-01,7.409761531263650558e-02
2.421292369822445056e-01,1.844216705895085073e-01,9.525555521938713355e-01
-3.879950174449692257e-01,6.320502478876048880e-01,-6.707997842747829287e-01
-9.525007641116599588e-01,-2.900907876625331006e-01,9.268025291309396618e-02
-8.384153339712020481e-01,-5.450293176716952681e-01,1.664524041230603041e-03
4.141564818729457503e-02,-9.990890494155428847e-01,1.028666239229662771e-02
5.224592141395130174e-01,7.471164968887648028e-01,-4.109176433756316360e-01
-7.369385514132236192e-01,-4.404278345302238273e-01,-5.127815265900257380e-01
4.750843335481844815e-02,-8.082340573553139507e-01,5.869417835621670854e-01
9.928866175892732127e-01,-1.149033988574202497e-01,3.119893496812020661e-02
9.272828609964413327e-02,2.869656574609522059e-01,-9.534422774321611449e-01
-9.358926782287869672e-01,3.492949054614912785e-01,4.580353541372400583e-02
4.679709255266621404e-01,8.387049634891622363e-01,2.785268336809976208e-01
-8.307033963435720425e-01,-2.689265101976790473e-01,4.874529714917656409e-01
6.105462109898306400e-01,-3.079544832103912055e-01,-7.296556451618682049e-01
-4.671472963987353122e-01,-7.979814151370927533e-01,3.807874270024618757e-01
-8.211704163797499678e-01,4.589946553034210952e-01,-3.391210015106726483e-01
-3.463960377606561392e-01,5.781757459956866629e-01,-7.387303917980155843e-01
1.331036627251062088e-01,4.961298089726363658e-01,8.579852141021642176e-01
4.854054205940652733e-01,4.758496439574038117e-01,-7.334498578659012225e-01
-1.677032305007603863e-01,-8.455045859033786249e-01,-5.069493285289613516e-01
8.958254850878080155e-01,-1.393289822883393703e-01,4.220001599071843135e-01
4.665847360611364847e-01,9.116939945381882793e-02,8.797652099725186137e-01
1.390316969255208646e-01,6.732504353819404042e-01,7.262258866964450554e-01
9.779999677286241866e-01,-1.819910955087573334e-01,-1.019573650028896689e-01
3.009768042369444507e-01,2.140939024211734043e-01,9.292883106212995736e-01
7.838782204647358753e-01,3.991333005122863486e-01,4.756338338503769414e-01
-4.081418871107672652e-01,-8.984271149995678440e-01,-1.620151814467238049e-01
3.808901645141374859e-01,6.055209819712319419e-01,-6.987610628598222018e-01
-4.088816027959262800e-01,3.731262704069877173e-02,-9.118243266980520234e-01
4.251365843047458237e-01,-5.790253877504572544e-02,9.032752518967283040e-01
-2.005639624302598678e-01,9.692831754231671926e-02,9.748738370849272528e-01
3.205551994771215218e-01,-8.038002206485247436e-01,-5.011482508934512747e-01
-3.415076418375645462e-01,8.937773390620686875e-01,-2.907483426361598400e-01
-9.653192905158296533e-01,-2.414329864109135415e-01,-9.934173559347045379e-02
-5.138060009745528678e-01,-8.296536749616562068e-01,2.183533214429225489e-01
-4.194166602253028842e-01,-4.177401351710924304e-01,-8.059670245070142958e-01
-7.775495459038845869e-01,-6.280169407212733423e-01,3.180292174872430266e-02
7.139466613732885492e-01,-6.056606455302267211e-02,6.975757425100832521e-01
-1.163889335769934842e-02,-9.484816200515242546e-01,-3.166183074079009230e-01
-4.466020545454281732e-01,-7.928419361193187465e-01,-4.146664553666866149e-01
7.721272292255073610e-01,6.014293931945248195e-01,-2.051882718144650841e-01
5.341944301194663236e-01,8.138120711424229325e-01,2.287929712474107147e-01
-8.098512144547516112e-01,-4.495547104543465844e-01,-3.768840309093403063e-01
-1.110568970333899314e-01,-9.890333326476973275e-01,9.736237740063767576e-02
4.805928398155059345e-01,-4.101048086705840756e-01,-7.751416439743972209e-01
-7.859808399129888379e-01,6.181831793681848985e-01,-9.147460626594355881e-03
-3.350970875550837169e-01,-8.580061004563267479e-01,-3.892755752572052419e-01
-3.530530240681996057e-01,-4.864863122954932728e-01,-7.991774709946665167e-01
-7.723115646552382030e-01,-3.806191504343626186e-01,5.085901192732725784e-01
-3.391123961161126021e-01,-2.596640941613583831e-01,-9.041998346625319538e-01
-3.766328659994904182e-01,2.493814062073576587e-01,8.921639975290702740e-01
-5.050408272075062044e-01,6.076815156915502669e-01,6.129085888942803484e-01
-1.015038467318679916e-01,4.286669207332102216e-01,-8.977425244287703388e-01
-1.570488968596043811e-01,-3.843950959202523110e-02,9.868424636675835471e-01
6.104850377728592292e-01,7.860971897931358088e-01,9.674309719460832957e-02
2.524627818172975324e-01,-1.250165964069666902e-01,-9.594964275180440927e-01
-9.624727378436110925e-01,-2.593864025328498357e-01,-7.978046809144379026e-02
6.030097052568040433e-02,9.981779881860499692e-01,-2.120578815140889382e-03
-5.499530789983350099e-01,4.471069469366119598e-01,7.054409889574553283e-01
3.567911305841797720e-01,-4.418216072272523887e-01,8.231000890071574760e-01
-4.530761369517722348e-01,8.637206848978885576e-01,2.207002324520323244e-01
2.589476944294567540e-01,-9.004915133614613820e-01,3.493724744647948577e-01
6.986123456522826958e-01,-4.042381464378521638e-01,-5.903662519713547274e-01
-7.068169594173331349e-01,-6.300410433499208374e-01,3.216489850358293379e-01
-9.313390548971230976e-01,-3.539874442278068134e-01,-8.544269513772903557e-02
-9.611711976829917514e-01,2.753652687842661484e-01,1.799715233063248557e-02
1.155172036296327892e-01,-5.798360180746406911e-01,8.065023048999516719e-01
7.545657471682662987e-01,6.263259419499908054e-01,-1.958222347969012789e-01
-6.837095963728935244e-01,-3.694252504356898004e-01,6.293378839448193762e-01
5.200766213907795921e-01,-8.268771756174739807e-01,2.139963652159092289e-01
-2.263474769581987345e-01,6.796626129352412171e-01,-6.977288529598715261e-01
8.888075105840868018e-01,4.564551023336431701e-01,4.086500560261831227e-02
5.813754729373820096e-01,6.381759545201024508e-01,-5.047118093914501058e-01
1.648340385655730211e-01,-2.942387395264365879e-01,9.414102739465174396e-01
4.535247827546927679e-01,-2.690738985356938562e-01,8.496555234647226174e-01
-1.182231606536938845e-01,1.728396816920133860e-01,9.778290897276755711e-01
1.660777408279117129e-01,-6.368188769425475737e-01,7.529142726573385680e-01
-3.725375788576331670e-01,8.691305735697253398e-01,3.253118479632318705e-01
-9.277509745716510103e-01,-1.857558372077887376e-01,-3.236864194318097021e-01
2.066713675675938833e-01,9.953652448987830581e-02,9.733341800842175706e-01
-7.030750169732141730e-01,-1.596648864738508533e-01,-6.929593382987250250e-01
3.072834212621324834e-01,-7.994393487720320435e-01,-5.162108354658860865e-01
-5.769543596817383602e-01,2.876462936979110596e-01,7.644496560049526268e-01
-6.369274855012901915e-01,-6.819159644570603473e-02,7.679018715872425460e-01
8.060812408670734452e-01,-1.391683645549611666e-02,5.916412382392476355e-01
6.064960631846956218e-01,7.061360131334519785e-01,3.654236668545963740e-01
-5.993668408959818006e-01,7.789277379236200227e-01,1.844748468696016386e-01
1.110439084986285380e-01,-9.079099583711432997e-01,4.041890125620154484e-01
-8.788749573051192199e-01,-3.566014340078774852e-02,4.757175250025589275e-01
-7.992551008434377602e-01,4.576237518363382994e-01,3.895789849709295760e-01
-2.420730100422883169e-01,-7.893313813148762348e-01,5.642310061318996928e-01
-1.677381745141306169e-01,7.046588292186405367e-01,-6.894344343118363749e-01
-9.765233157934557484e-01,4.788354385536534169e-02,-2.100223320021133433e-01
7.977420889853500396e-01,-3.880683088217846133e-01,-4.615306567818542871e-01
3.100278511024109895e-01,2.469557253088110749e-01,-9.180934599908772142e-01
2.083862032273825493e-01,-9.571751882948273948e-01,-2.009747477103475122e-01
-4.669569003110403682e-01,4.457977173890166900e-01,7.636855690810502306e-01
-9.671133784561090907e-02,4.552680588970743902e-01,8.850863865635953953e-01
6.984288320983889076e-01,-6.786479969642383869e-01,-2.272312978225216329e-01
-6.895953821194087396e-01,7.104606018053436500e-01,-1.403707314292256814e-01
-9.446353907069616751e-01,-2.282337137112409528e-02,-3.273271640777181690e-01
6.697477868258362443e-01,-5.940320762402427901e-01,-4.456049757796703426e-01
-3.704440224018340500e-01,4.295382982058628674e-01,-8.235703228268737019e-01
-7.626881682703738896e-01,3.662938456787890318e-01,5.330436910781566340e-01
6.808471206123578590e-01,-5.750992380795139081e-01,-4.535505095512783469e-01
5.793800184670781783e-02,5.816937348193477186e-01,-8.113418433767171090e-01
3.305672422534617905e-01,4.674604751237458888e-01,8.198817003361050793e-01
8.923573229873927870e-01,-4.503583192891120190e-01,2.959378917712891799e-02
-7.839179304044255892e-01,9.049586422333981417e-02,-6.142338129319429019e-01
-2.095611250597358144e-01,-5.021038978104393202e-02,9.765055307686349995e-01
8.329147824565179548e-01,-5.391860183752617691e-02,-5.507683265596321487e-01
-4.615563703269942586e-01,8.651562580911681399e-01,1.961386399877871334e-01
-1.166227233897892540e-01,2.402363085970832812e-01,9.636833797574780869e-01
6.993714559764628858e-01,-6.324714113505831570e-01,-3.329556733103730681e-01
2.600258613770969895e-01,-2.712770049857337051e-01,9.267121117051771995e-01
-5.961599169274226506e-01,-4.685559909277342561e-01,-6.519575421872328969e-01
9.252333019913105971e-01,-1.828653710694032666e-02,3.789577013954097406e-01
1.728615268158605056e-01,2.206645030624116224e-02,9.846989206441589815e-01
9.508967891032272801e-01,-2.972234304065717869e-01,8.633382240189793611e-02
-2.183898918818767687e-01,9.736256298634263784e-01,-6.602263245939515857e-02
2.993147438532502667e-03,-2.057448068379204298e-02,9.997838425444789401e-01
7.830159727773188250e-01,3.976875782184230435e-01,4.782578556661193914e-01
-9.018347345051535013e-01,-8.621654658784770608e-02,-4.233920390542136869e-01
-1.180470724799070059e-01,-1.157803851161984671e-01,9.862351601424825809e-01
-6.559481201234402814e-01,-7.277474134529104965e-01,-2.002892056979689028e-01
4.806873779690027382e-01,8.767126451405323762e-01,1.773647405704050287e-02
-7.453745785203771401e-01,4.062449655512359037e-01,-5.285657628524998985e-01
6.342904136983241736e-01,7.518916064059302240e-01,1.798184732076172632e-01
-2.853546502633528825e-01,3.051573790726958557e-01,-9.085437235326445649e-01
1.843073509866273718e-01,8.655188307378379464e-02,9.790503418663792923e-01
9.561766126866061422e-01,2.658204128965949709e-01,-1.227427938359391124e-01
-9.183009561040027247e-02,8.606901211455104672e-01,-5.007791418407030459e-01
-5.700285817099532970e-01,7.743841285075943326e-02,-8.179674249313931833e-01
9.674693357163691720e-01,-2.507548376973858795e-01,3.354244803059643759e-02
-5.042140260738411373e-01,8.582616673866115820e-01,9.568242370028570698e-02
-3.437657935757475192e-02,-2.407027415508234541e-02,9.991190483089446017e-01
-2.749177095809336446e-01,-9.192938549181693952e-01,-2.816363990475397872e-01
3.370522793067320388e-01,-8.822067481181474768e-01,3.287963117021545645e-01
-7.553789072382730008e-02,9.892484805112864432e-01,-1.252256797590093063e-01
-6.306478923810111548e-01,7.380329836573543689e-01,-2.399803135034448143e-01
-8.910922526718092485e-01,-4.292072032483373323e-01,-1.474305731794482432e-01
-5.520092908254593533e-01,-8.318467381526094551e-01,-5.759120650965322136e-02
-8.159996449941359087e-01,-3.012540713924503621e-01,-4.933462920088855230e-01
1.088644924132165133e-02,7.731895220095342802e-01,-6.340815785666573667e-01
1.742731052807479641e-01,-3.041723640319252686e-01,9.365404730896766949e-01
-1.933057955381306259e-01,7.881398471911413850e-01,5.843530188857543051e-01
4.638479248315734438e-01,6.705354450559860569e-01,-5.789881860219719956e-01
7.879993579282222882e-01,-3.762338491061794077e-01,-4.873449524633017282e-01
-3.484483935312495118e-01,1.698887898123834228e-01,9.218034042796627858e-01
-8.970655930384768828e-01,-4.240958631017088254e-01,-1.241612688665134218e-01
-9.513513722506720116e-01,5.744027218126148554e-02,3.027064281585479244e-01
-4.894474562126818751e-01,3.299280218093498251e-01,-8.072104360276222135e-01
-3.447378462977004343e-01,-9.004052904108444944e-01,-2.653792198537520686e-01
-5.026042795870839797e-01,6.632269367050092068e-01,5.545439284399731328e-01
-4.168178688501788520e-01,8.937447343391313748e-01,1.657806202433525222e-01
-2.890572211613940401e-01,-4.224766719818776051e-01,8.590456242398130104e-01
-8.102929976859651884e-01,5.272629276430795819e-01,-2.557715055168200968e-01
-1.775586084524589103e-01,1.215406383439648214e-01,-9.765760665689938724e-01
1.771274300082342490e-01,3.983204370532976712e-01,8.999815014567510429e-01
-7.532682474346521495e-01,6.414079529047679307e-01,1.455430704542220177e-01
-7.574197721062201349e-01,9.658745006924641940e-02,6.457446502385308928e-01
-4.374608616454587762e-01,4.371000953303597059e-01,7.858571760762913527e-01
-8.345727869707083579e-01,-5.381416975691606375e-01,-1.178633810194102266e-01
-1.218043854200379500e-01,-4.256424587549310634e-01,-8.966561152401201218e-01
6.043510493848904819e-01,-7.964099773378496838e-01,-2.215755185274902520e-02
3.602967874678295046e-01,-8.073616781097818773e-01,-4.672829396202247687e-01
-3.701962616365267033e-03,-2.257135984423625785e-01,9.741866694586754916e-01
-4.220330991571544232e-01,-8.124395574752467653e-01,4.022810319481054386e-01
5.596513987913740440e-01,-1.319076773768315114e-01,8.181629889453005955e-01
-5.511590895659613798e-01,7.782218482765114187e-01,3.009890576979682986e-01
4.505480986413872291e-01,7.987182551029520239e-01,3.988177024354939149e-01
-9.344966202336554839e-02,-9.784938432189839164e-01,1.838938809483919301e-01
-4.234875898657248228e-01,-1.799754663482806549e-01,-8.878440700609754321e-01
-5.749458026350110496e-01,2.873990556182930423e-01,7.660542453782868133e-01
-6.791106337433699958e-01,-6.645362222487938286e-01,-3.117697170284182140e-01
8.423679516316019411e-01,4.965851636973166450e-01,-2.093308607436762392e-01
-7.749931442596728060e-01,5.941908273923459660e-01,2.152275237819395448e-01
5.254910418806841843e-01,-8.263624296183217366e-01,2.024457947660497081e-01
-2.775201731526806270e-01,6.140076721750693522e-01,7.389026539426276630e-01
3.066636080686938604e-01,-4.798540218648802980e-01,8.220082415562447453e-01
3.699324919077327523e-01,6.672894608013507645e-01,6.464323065367154619e-01
-6.950215875727838721e-01,-6.921793551317158011e-01,1.945063832814981630e-01
-8.077086193681815018e-01,2.228046784418825921e-01,-5.458615771995272148e-01
6.749384638414354654e-02,-7.935534972069892001e-01,6.047457546530033978e-01
-5.466213586632816535e-01,-6.881720411775862356e-01,-4.770999182504464531e-01
-4.083754932132649396e-01,-9.128028428190236854e-01,4.519588956032495955e-03
-4.750189522856125834e-01,2.594634621277320807e-01,-8.408541531027661220e-01
9.170622879786169968e-01,2.311210761357804511e-01,3.249304666128786101e-01
-9.480536591340276154e-01,1.508532954481744126e-01,-2.800670324315354121e-01
3.975237916137970839e-01,-8.579100136694544076e-01,-3.255230307469306750e-01
-2.039555123883165511e-01,-6.901470251395703803e-01,6.943336608990091641e-01
7.346989742846837812e-01,4.331473207755819899e-01,-5.221118804336563057e-01
8.850719227155313673e-01,6.285871904153336742e-02,-4.611902785847617481e-01
-1.335933057460576279e-01,9.763418824767127191e-01,1.700275188952339034e-01
6.467779438517033963e-01,-7.274245573317306146e-01,2.291981778673178871e-01
-5.017190655671143196e-01,7.708922807882094830e-01,-3.924322497802827381e-01
-8.357995859371564196e-01,-8.260047119273680738e-02,5.427856062074745136e-01
5.123484222530256815e-01,-6.926999898870369599e-01,5.076079375121456128e-01
-2.848554388020105993e-02,-6.498562718307977493e-01,7.595231397080839386e-01
8.061336367620236532e-01,2.254794987075282309e-01,-5.470900797340740862e-01
7.728177154622900558e-01,-6.344685711076165635e-01,-1.422712002852883316e-02
-8.257193318876768218e-02,-5.554070014029099944e-01,-8.274689955775368366e-01
7.765026888444347408e-01,4.843572893459517914e-01,4.030404328039616235e-01
-3.512652527604847030e-01,6.926122394998531773e-01,-6.300007999186277852e-01
8.857504170679575406e-01,-2.891754009368863176e-01,-3.630754551838092370e-01
4.740973696445317520e-01,8.658365450417151443e-01,-1.598710773290842879e-01
-1.633544559619769798e-01,-4.365080085556291567e-01,8.847463366322377842e-01
1.637942249722978971e-01,-3.951156288937535122e-01,-9.039109976483402642e-01
9.929711578648591219e-01,-2.691201585443343119e-02,1.152563362734204677e-01
5.670949193958132462e-01,-4.434025950622171863e-01,-6.941163382946314853e-01
-8.413742499869538705e-01,-4.360757343621347593e-01,3.192605916166537661e-01
5.645740123148624834e-01,1.885294126791799696e-01,-8.035625956784827606e-01
-4.263495342565209456e-01,5.634646018838255221e-01,7.076254073047050230e-01
-4.725626120765433202e-01,7.201715198551471575e-01,-5.079739753736620678e-01
-6.643353633886537324e-01,-4.403232668317943466e-01,-6.039651857829571036e-01
8.700235229312510699e-01,6.888854929128038207e-02,4.881735729459735773e-01
4.607392124933475386e-01,1.506280838206304762e-01,-8.746602531472063013e-01
-5.643384100818765736e-01,-2.264440647424311170e-01,7.938798677691641936e-01
-3.615907134905815834e-01,3.429464912692086198e-01,-8.669716604615808064e-01
3.736996775888167810e-01,-9.027246252906598878e-01,-2.131590998851611296e-01
-5.880317588704783160e-01,-3.319122513153503484e-01,-7.375994224417934397e-01
-6.477070497028223350e-01,-2.341600195629577053e-01,7.250135605652773263e-01
8.348913078300984614e-01,-3.562698502200132844e-01,-4.195572641892367227e-01
5.255040809656639222e-01,-7.334907932088328142e-01,-4.310878299909547406e-01
-1.985200530754062942e-01,-9.633434596137262496e-01,-1.804415898466718571e-01
-8.718249253379510844e-01,4.895963268578579775e-01,-1.472196613124428406e-02
6.439521454077102858e-01,-1.485433643773199364e-01,7.505068309644317148e-01
-4.298302064332328865e-01,8.322580026500729922e-01,-3.501322759507835558e-01
9.291773864514782932e-01,3.468962190259174405e-01,-1.276416770993032412e-01
6.887130288589908833e-01,9.316331425375122544e-02,7.190236162721858060e-01
-4.633056101665211091e-01,-7.709389103394147513e-01,-4.370367354272445826e-01
6.262805334467267393e-01,7.682537110273374159e-01,-1.325101087404571554e-01
1.537490223891779251e-01,9.501188763608139354e-01,2.713583588121735723e-01
-1.069964527728497622e-01,9.749915568003668653e-01,-1.947902031982731152e-01
-8.298831497794344481e-01,-4.504861655166001073e-03,-5.579190478318808433e-01
-7.465432855781835297e-02,-6.859695775476299939e-01,-7.237903494152898576e-01
8.753170811762978065e-01,1.556588045561848876e-01,4.578103799228953052e-01
-4.586373607311087786e-01,1.145680534310752757e-01,-8.812070883025268087e-01
-3.263230470071947775e-01,3.006490539270603723e-01,-8.961715323333496741e-01
3.515459575424575989e-01,9.358537342380103263e-01,-2.435626917916838829e-02
7.887239902703104821e-01,-6.146933813820969483e-01,8.155615067131073009e-03
2.805435555988308738e-01,-3.918726822887931838e-01,-8.762026673594143222e-01
7.342484278429478595e-01,-6.459573125943335326e-01,2.088501771990289024e-01
5.111727078911657562e-01,4.339257980519963809e-01,-7.418968017805110948e-01
7.618921446605260162e-01,5.687614472130663179e-01,-3.098883283840847547e-01
6.138719236414120761e-01,-7.195527144112734419e-01,-3.246615969716170058e-01
4.090046529202068792e-01,-8.033258333038588717e-01,4.328773491836709897e-01
-2.688736695161558776e-01,8.588517382869534922e-01,-4.359823866653272373e-01
7.018487811484170891e-01,-2.192436747234445815e-01,-6.777466337018882570e-01
-6.286716809939543182e-01,-6.146638828337289695e-01,-4.764034305669928027e-01
6.857338484141495272e-01,-3.414821099693574058e-02,7.270508846186962693e-01
7.167447706651774997e-01,6.930294443894838841e-01,-7.737650117009318984e-02
6.015243193087911333e-01,1.336158502244689378e-02,-7.987427378861001737e-01
6.231585830267111215e-01,-1.168608616963072583e-01,7.733155367660333734e-01
-1.086929609220558257e-01,6.588611850672213555e-01,7.443707268947463707e-01
6.797239838807939138e-02,6.929174198307022636e-02,9.952780553947343511e-01
-1.113506089128461773e-01,6.403780400944627527e-01,-7.599453978145489508e-01
-9.730204555479294859e-01,-9.111740377859481321e-02,-2.119641757796539572e-01
-6.845189848161227220e-01,1.429499386906973590e-01,-7.148419926491662579e-01
-1.543821372202061892e-01,9.791978844008253358e-01,-1.316725441854491863e-01
-1.653084182365547328e-01,-5.881502909755932373e-01,-7.916769303734024765e-01
8.422211788893135820e-02,-5.180756757780697885e-01,8.511781417690420515e-01
-1.246213891853072270e-01,-6.123671375541547279e-01,-7.806894377415740660e-01
-8.626253600848317049e-01,2.935422095884154814e-01,-4.119592932905688509e-01
9.882446540407808788e-01,-1.359687006193034398e-01,-6.989289099554873985e-02
4.213472600228279630e-01,-9.068781579305532636e-01,-6.204283983023438365e-03
-3.195338573564648899e-01,2.253605040696335382e-01,-9.203862000314755321e-01
-5.153492890198312776e-02,-9.739045975336616534e-01,2.210293781511045164e-01
-8.453404928943769603e-02,-7.333769289356577570e-01,6.745459766506907151e-01
7.629011715213060985e-01,-4.248802933793469072e-01,4.872971770791403867e-01
-7.625748337066543536e-01,-3.610250990067791488e-01,5.367872026086444315e-01
-8.451723382724485312e-02,9.706019618271777283e-01,2.253634151396907981e-01
4.484110805239847064e-01,2.169398433128643389e-01,-8.671012670078981355e-01
-9.399810920787646795e-01,-3.379983229236389053e-01,-4.682606363149127010e-02
1.555993110422271564e-01,-6.899892526187099140e-01,7.068972242652098448e-01
7.434636662592605805e-02,-6.111024951131226179e-02,-9.953583049204884903e-01
5.664190914376801556e-02,-8.767175033834074815e-01,-4.776589927863958973e-01
-3.793903212511886558e-01,-7.241286186883900688e-01,-5.759346557877585981e-01
4.112675359408615727e-01,-5.935808127035731019e-01,6.917520022893304255e-01
9.282356542333443372e-02,9.857089473694523596e-01,1.405761600624590157e-01
2.701574468796779094e-01,8.398757678419557227e-01,4.707692093662663169e-01
4.866955005945272639e-01,1.192415139586924244e-01,-8.653952571223635371e-01
-7.686118748733893336e-01,-6.341353192463925481e-01,8.431003906943088100e-02
-6.164828405931613853e-01,7.728130105299699792e-01,-1.506949170005121297e-01
8.554017237452632427e-01,2.060673735860718836e-01,-4.752095627793813115e-01
-5.479386626088705858e-01,-8.116884680583009715e-01,2.022994138389200003e-01
-9.189952242625010204e-01,3.359691766462854501e-01,2.063310207562897847e-01
-5.661174517511823323e-01,3.649101069015076582e-01,-7.391560354241031305e-01
-5.094266476746625028e-01,-8.391188529147559638e-01,1.906935796558961171e-01
-5.658581406172363826e-01,-8.068701128997946004e-01,1.696030235764578453e-01
7.007923406244777054e-01,5.433446001607508125e-01,-4.622409986124336179e-01
7.793809101654058935e-01,6.003640882160845571e-01,1.792438519174734124e-01
-6.925408362274698693e-01,-2.326771309664326381e-01,-6.828239472093713403e-01
5.527681090353887550e-01,1.830126983838087085e-01,-8.129906333185624723e-01
2.914415037211567569e-02,-2.554115881130875065e-01,-9.663930562440098404e-01
-6.713700653951886199e-01,4.426551945520881270e-01,-5.944061019432027582e-01
6.725826332944094543e-02,1.578495601806177984e-01,-9.851699560810273093e-01
-9.496192835322099235e-01,2.011922023049410591e-01,2.403017146744061971e-01
-6.897409453763477805e-01,-1.116512552331560409e-01,7.153959920744613621e-01
8.557823102795705794e-02,-8.668643222983555274e-01,4.911441876886443181e-01
-1.541914246901910646e-01,-9.877413278775005745e-01,2.433256572581019364e-02
-6.933690986654744703e-01,5.905876946749222256e-01,4.128504183289492535e-01
-5.004129328960923440e-01,6.932513347743345378e-01,-5.186419607242883645e-01
4.860920865793271206e-01,-2.313892651836020331e-01,-8.427179191893030552e-01
-1.390022914317716463e-01,-6.877718608411674817e-01,7.124943721965770749e-01
6.736502501720015301e-01,9.148886478896790797e-02,7.333656169079824094e-01
1.265709686467521577e-01,-6.722873095685523159e-01,7.293898568590739817e-01
2.488192985238948662e-01,9.478193085943130702e-01,1.993176232496144951e-01
6.186051663140008650e-01,5.263918477085923753e-01,-5.833003264833316326e-01
-7.440781712316751895e-01,-1.549898172074486435e-01,6.498660105425790867e-01
-2.065384308218310982e-01,-1.609237153937578269e-01,-9.651142079658369122e-01
1.261160705012854266e-01,-2.783701093537787052e-01,9.521579800535624472e-01
-4.915280890040023554e-01,-1.988171006584365796e-01,-8.478631364824436023e-01
-7.572808301491098515e-01,-4.212789701971511036e-01,4.990488689079486395e-01
-5.295082053532490507e-01,4.922431147911803251e-01,-6.908818831061198651e-01
7.244382844952376166e-01,-6.304423009758756136e-01,-2.788040119830428876e-01
-8.196902012564314388e-01,-2.818308531231820263e-02,-5.721133521134336153e-01
-3.870875547328862520e-01,-6.158201671329754934e-01,6.862424839101911589e-01
8.800427511991791851e-01,-4.745675098077038467e-01,-1.761915709375921207e-02
6.086388000676531268e-02,-9.981001040616793718e-01,-9.579685933624040167e-03
-5.059501371400821901e-01,-4.168464916940824994e-01,-7.551512835785073596e-01
5.455545929186493836e-01,-1.031754779855369730e-01,-8.317000702704206994e-01
-6.360909966478913713e-01,-2.704244155804623184e-01,7.226748089157790655e-01
3.334068631298141572e-01,1.019093563877368352e-01,-9.372589539175256723e-01
8.870437032284078649e-01,4.316586312490465760e-01,-1.637812401681943975e-01
3.761872118042056123e-01,-3.441163857385928782e-02,9.259044339485796860e-01
2.257606291510584617e-01,-5.113702827563772202e-02,-9.728397312324650326e-01
4.531935757703058898e-01,-5.803163362656097446e-01,-6.766450566905692909e-01
9.720792594620952798e-01,2.281904602225471590e-01,5.469028421069585533e-02
8.658421410754303382e-01,3.855846336286058440e-01,-3.188132322338714242e-01
2.646494234923892352e-01,9.419722562031217494e-01,-2.065162250012006206e-01
5.478049405931884053e-01,7.819651722147451522e-01,2.973889986278199227e-01
2.296684135376396776e-02,-1.266179044343511695e-01,9.916856510381121259e-01
1.846890323115732702e-01,4.083190323633717478e-01,8.939605859061429127e-01
6.086340970104915371e-01,-5.462801146229191718e-02,7.915682638407751659e-01
7.903800468429529325e-01,3.656375360485466519e-01,4.915369505793836247e-01
-5.081608532955854685e-01,6.639808641707907189e-01,-5.485453118867325006e-01
4.808851202823091753e-01,4.040095438119701426e-02,8.758523071706539875e-01
-6.150872942871125071e-01,7.089330331086951542e-01,3.450819829748646428e-01
-1.477722574482971674e-01,1.493942104392878834e-01,-9.776731201254620363e-01
-2.322818212069789057e-01,7.880851900259820964e-01,-5.700586713650453996e-01
-9.903500656670030100e-01,1.367013098362187748e-02,1.379125627064239912e-01
1.762265021016746203e-01,-4.310297699055394560e-03,-9.843402060724503189e-01
-7.634843120346012091e-01,-5.593530837141803547e-01,-3.228247713799061724e-01
-2.875524470488828865e-01,-9.576504656012169159e-01,1.480459151654475551e-02
6.174929725333746511e-01,7.206089577471962437e-01,-3.153175524552931930e-01
3.650330088546000495e-01,-4.459533956102425534e-01,-8.172370961907272635e-01
3.238671299918109703e-02,8.040347229328774770e-01,5.936996421923794731e-01
-4.698548747521926749e-01,3.236365938118564434e-01,8.212769032533794311e-01
-2.723359802563073973e-01,7.051056825626043079e-01,6.547206200172407398e-01
-5.110373239981820248e-01,7.364160935891400639e-01,4.433195129742069085e-01
-9.297754509717462978e-01,-2.187739236915950056e-02,-3.674765169006202203e-01
7.362235988474030712e-01,5.128382460078124705e-01,4.415560507249429167e-01
-2.769736185061883460e-01,-5.605070786120102122e-01,-7.804597551939616018e-01
-4.629487691560802975e-01,-7.769429933388006804e-01,-4.266591405778324408e-01
-2.640946987763143627e-01,-8.920302671273814266e-01,3.667914838254839882e-01
2.318495943562307593e-01,-2.214583521149996459e-01,-9.472074555636479376e-01
8.826932555381666878e-01,1.740571062132637292e-01,4.365280522533430130e-01
6.742402354795129504e-01,-3.465677891145168554e-01,-6.521432913162616973e-01
4.306774630570866513e-01,-3.699170803958356513e-01,-8.232121697631374913e-01
-1.286765624626451665e-01,2.618659188866779841e-01,9.564876281470832131e-01
-5.338556234020567226e-01,7.117832034357840509e-01,4.564677914910259537e-01
-9.850825717216967758e-01,-2.781584172788406639e-02,-1.698193329369109827e-01
-4.819286683186371767e-01,-5.245822607782237856e-01,-7.018249142980268473e-01
-6.160439411608417126e-01,-5.355156517788395298e-01,-5.776788461237801764e-01
2.549753639936530036e-01,-7.745753259697434334e-01,-5.788096648771251518e-01
-2.056406883925707973e-01,-4.345495880781720666e-01,8.768572077473736348e-01
9.090332130484551909e-02,6.418829049605494497e-01,-7.613953785617262326e-01
-4.137632626033173611e-01,7.260717813664413489e-01,-5.491991722710631851e-01
6.780401605168079326e-01,-3.126901572571510468e-01,-6.651965170390171656e-01
1.106457407482644290e-01,-3.961471357660209525e-01,9.114960048615932120e-01
-7.402428665609197544e-01,-6.590343361306441050e-01,-1.330948620590348963e-01
-6.044964640741676831e-01,-4.546872680066671446e-01,6.540974799175286458e-01
3.044268747669194308e-01,6.678628509473926167e-01,6.791785407711784517e-01
1.512859674852156389e-01,8.585173507598553577e-02,-9.847548099027011448e-01
-2.509004531143114742e-03,-9.740294924170773694e-01,-2.264072719635856767e-01
-9.500156827660676262e-01,-3.039815034538529970e-01,7.117196116770513337e-02
6.433438718030187742e-01,1.861065155045426578e-01,7.426122995885929834e-01
5.086033986962663622e-01,6.397742260720883367e-01,5.762044103340991930e-01
-6.241130202198507115e-01,-6.410539518252399427e-01,4.466909097365862058e-01
4.408669388904647990e-01,8.943477053558388512e-01,-7.601660422629347158e-02
-6.649325715144919213e-01,6.493263824647110827e-01,3.691069281040614825e-01
2.322692723352707822e-01,-2.136447565754151234e-01,-9.488977305888528502e-01
-3.470290948120302033e-01,-9.257722489521376108e-01,-1.500551579388210433e-01
-7.243157705597601526e-01,5.708090529558624837e-01,3.867087917051438284e-01
-5.511561224106719115e-01,-8.210916807151706909e-01,1.484431897716050330e-01
-7.640902735231830389e-02,-2.685671301287790858e-01,9.602256803238830019e-01
1.117454823638427963e-01,5.752406634608984159e-01,-8.103154486200653261e-01
7.067722650746239843e-01,-5.420012534709732765e-01,4.546510822126998974e-01
-1.760613144794713480e-01,7.028636350860058002e-01,-6.891916453479733917e-01
1.635799687125552293e-01,-6.716880058033933842e-01,7.225488334333258766e-01
-4.357689779326483492e-01,-1.148732169434700107e-01,-8.926979006923863036e-01
2.059208255801496246e-01,-7.955245685433318670e-01,5.698572404000279423e-01
8.320433616955478229e-01,5.531133613697285512e-01,4.206487528391738423e-02
3.871193030278649028e-01,9.214750853596190838e-01,3.197361857380179306e-02
