5.953494489094924846e-01,-4.230796144051206520e-01,-6.830539316613135625e-01
-8.963961307525831756e-01,4.353404578922587809e-01,8.338262705118232310e-02
-7.405270484926241847e-01,3.594372582665717464e-01,5.678243987542386240e-01
4.176874670432918490e-01,-6.414469139101686146e-01,-6.434928410713514069e-01
-4.497577630714009178e-01,-3.966179564644219946e-01,8.002575530208980714e-01
7.516335550031358892e-01,-4.282400227282787686e-01,5.016547437501526208e-01
7.785570580740532876e-01,4.538565508537115711e-01,-4.334318153645940752e-01
7.429181019694661714e-01,3.688897856871936609e-01,5.585633534181615456e-01
-3.862299305367129787e-02,9.241977317289167271e-01,3.799563357475448933e-01
-7.558724604227672339e-01,-6.221637653257037215e-01,-2.038849496411514473e-01
-4.388490229816883748e-01,-8.769154602290845091e-01,-1.960377786020609248e-01
-8.449622754229266230e-03,8.174596962980971160e-01,-5.759238220490052740e-01
-1.942524580392364364e-01,6.531350638192141567e-01,-7.319020227841874782e-01
-7.801453324150028346e-01,6.217240002680509692e-01,-6.951638513168495459e-02
-8.064612713217200746e-01,-2.718451718267023698e-01,5.250908687195635638e-01
6.508181036864568725e-02,-4.026931615104026863e-01,-9.130183873460031574e-01
9.319320982380759899e-01,-2.496243997486387589e-01,-2.630403454295728860e-01
9.112288609065088973e-02,-8.396574369416801575e-01,5.354176017082725725e-01
-7.427582779106169930e-01,5.424589585209989018e-01,3.924900239694861792e-01
7.143232431181557596e-01,-5.403263628824487297e-01,-4.447355685296424666e-01
-1.271020397536690716e-01,5.973476519299765197e-01,7.918464840006556038e-01
-8.198848262598287251e-01,2.727076415176116209e-01,5.034078008203608512e-01
-7.170958646038598783e-01,-2.071113947827891155e-01,-6.654910901876677221e-01
1.735630981141529916e-01,9.164036704130676947e-01,-3.606662776396968861e-01
5.743317747544526286e-01,5.271873536252862369e-01,-6.262719111416130691e-01
-3.083668349231695194e-01,-6.540198700717309022e-01,-6.907734105123205515e-01
7.415547164086158105e-01,6.707419674858287051e-01,-1.420618264619274290e-02
-7.265250797810867134e-01,-3.459630011901178581e-01,5.936926058631794012e-01
2.329584905075190449e-01,-9.046607784713924794e-01,-3.568181856295895571e-01
-3.180588895470941591e-01,-4.669604790372078318e-01,8.250978449841029905e-01
-5.601938115885084501e-01,-6.069738656279766165e-01,-5.637070337529676012e-01
3.086817055825724077e-01,3.496660124798114389e-01,8.845616340058519711e-01
-3.253295195546203611e-01,5.122634431441259739e-01,7.948250552948644687e-01
-1.955240405391037162e-02,-5.840624683389153970e-01,-8.114731890663832159e-01
7.651325767335255268e-01,5.080612110565768669e-01,3.955324839262130965e-01
6.154307954761411015e-01,-5.692280189330692908e-01,5.451829036581552490e-01
-5.474664193189866523e-01,7.702964171071243760e-01,-3.269922774469978810e-01
-5.106603134736760197e-01,5.966915777610843907e-01,6.190195516071805848e-01
9.692316525425260787e-01,2.449549689292838117e-01,-2.422946360400549115e-02
-7.324462146320472877e-01,-3.254734996101585898e-01,-5.979879126894629415e-01
1.475968946114844527e-01,-9.050151693857533264e-01,-3.989520019785875449e-01
9.798083739638516754e-01,-1.611146880230112099e-01,-1.183959780294963904e-01
-5.878786557416960240e-02,9.403446398688601882e-01,-3.351058715259055965e-01
9.141599670187197102e-01,3.365247136865836541e-01,2.259705108603688450e-01
-2.998576656620234870e-01,9.382452830148710898e-01,-1.725722145771632632e-01
-4.004462305005994649e-01,6.054415185982452430e-01,-6.878105727853502938e-01
-6.078107414126244779e-01,7.909935777738340557e-01,-6.996615284539667301e-02
-6.960041139352672879e-01,-3.654767408606117707e-01,6.180655509532048120e-01
4.059254421969474280e-01,3.336668987944790832e-01,-8.508178042484111359e-01
-6.197764512448744600e-01,2.599839321520014401e-01,7.404630345298093275e-01
4.836294766557439062e-01,8.712515243854788149e-01,-8.380519414493944885e-02
7.076593978061562762e-01,6.958008378552815731e-01,-1.227980893031985488e-01
5.363723484350748638e-01,8.009339663985013402e-01,-2.661005172926335649e-01
2.460700083072736577e-01,-9.677280104478382938e-01,5.433275997339944569e-02
-1.643898164648261440e-01,8.456252452205973436e-01,-5.078325835236114916e-01
-2.935607555707509531e-01,-9.533315441050587147e-01,-7.057655278486012207e-02
7.397075134794353080e-01,-6.137768253716882061e-01,-2.758818644614453586e-01
9.429985418127985464e-02,1.364171289112781627e-01,9.861530836746357220e-01
-5.197595585276364449e-01,7.017891931135568084e-01,-4.871775135904565790e-01
-5.295632013754456580e-01,5.708273882745236172e-01,-6.274702451468717745e-01
-2.627502874015198997e-01,9.216223359339474897e-01,-2.856125984232356085e-01
-3.442718977950795511e-02,-3.739709868720633712e-01,-9.268012028379228884e-01
-8.162832370465390452e-01,-5.527882451744512426e-01,-1.676509257766701511e-01
6.512250055465723664e-02,-6.120834357746511856e-01,-7.881071802564718620e-01
4.401423487488462793e-01,3.429146320991339758e-01,-8.298700307458780623e-01
8.322355601624634169e-02,3.543979641156919103e-01,-9.313838750776521902e-01
3.782067840561738614e-01,-6.275684363672159316e-01,-6.805273588692042352e-01
-7.882775120084901666e-01,-2.194794743208471066e-01,5.748454787275872890e-01
-8.367532030818752853e-01,-5.336100147551078310e-01,-1.229000784591928463e-01
-1.231008641315335661e-01,-4.330899534273673912e-01,8.929049610626823563e-01
3.212403191519839218e-01,-5.235415733074239020e-01,7.891190520890487559e-01
4.029156145817429646e-01,3.380240377175034450e-01,-8.505285165421393456e-01
-2.044980833608914250e-01,8.588998846546777033e-01,4.695439511290752099e-01
-4.711396894180968076e-01,5.633674880482089087e-01,6.787079390026834469e-01
5.357913016751381097e-01,-1.969090436120646825e-01,-8.210691259528902775e-01
-5.474835637396657795e-01,-8.315620048517902152e-01,9.362894596110060697e-02
9.951236948142501149e-01,-6.865179422886819038e-02,7.082205283943979190e-02
-1.590431778834714982e-01,-2.610969951210343476e-01,9.521205946241751983e-01
-2.185115763679079115e-01,3.816257628042984962e-01,-8.981171795246148948e-01
8.260461985051364975e-01,5.311448038609415390e-01,1.885016585251566568e-01
-3.096267358056521979e-01,-8.971405078498854158e-01,-3.150717277846208919e-01
-7.005074884907760424e-01,6.459142701598394876e-01,-3.034534794202021213e-01
1.167939230418975627e-01,-2.635420851809970322e-01,9.575514340644765143e-01
-1.153454936733016301e-01,-9.183270844667927868e-01,3.786433454109319197e-01
-9.562999784313673812e-01,-2.702924851580024157e-01,-1.115003305792298394e-01
7.842382295967125216e-01,4.306714144938527666e-01,4.466458686441396875e-01
-7.288455568128355822e-01,-2.774922919680913314e-01,-6.259250611794381358e-01
7.563757946048582648e-01,5.670146742475672408e-01,-3.261748250919963565e-01
-9.132917823565220861e-01,-3.028582067411303980e-01,-2.723509259936414129e-01
-4.550207069315518882e-01,-5.573345780514187275e-01,6.945029333068060140e-01
9.896276726433271553e-02,3.166568756283383856e-01,-9.433635533624801228e-01
2.844637177280523455e-01,-9.303865175046774905e-01,-2.312170437961992842e-01
-2.739866168881824882e-01,9.392868332560700972e-01,-2.065710014449060605e-01
9.416554354184433206e-01,2.607870056038799067e-01,2.127796481223337421e-01
-5.547994829683864371e-01,-2.262747217879755857e-01,8.006230598588737202e-01
2.080361117755918088e-01,7.811545380851475651e-01,-5.886582742358028586e-01
-8.466396509672396986e-01,7.983536884941136447e-02,-5.261441012600528433e-01
7.373183250798130972e-01,1.819517287714787213e-01,6.505807066756355006e-01
5.180991964625287771e-01,4.829978813639215218e-01,-7.058939504081654936e-01
-8.738961986923761138e-01,4.312558821724387648e-01,-2.243296636708730085e-01
-3.944790001987423800e-01,7.259453954406018816e-01,-5.633734119043859456e-01
-9.167809858256923405e-01,3.845396263816942550e-01,-1.078976356121782998e-01
1.018992019038856278e-01,8.081906719985726406e-01,-5.800382662771882414e-01
-2.041422288205422542e-01,-9.767608793036450798e-01,6.530034513041432787e-02
-6.845996953376408400e-02,-9.579933643148788036e-01,-2.784994551163355592e-01
3.797460538308946587e-01,-2.698164626129750387e-01,-8.848683580640027690e-01
8.112615447009641212e-02,-6.903166876207674774e-01,7.189446556259989629e-01
7.831341353107967862e-01,-6.023299228750812473e-01,1.545949226860617032e-01
5.796181844275301032e-01,4.692498085949172726e-01,-6.662187158993411185e-01
3.422606028048351123e-01,9.349229328849923970e-01,9.368452024424697711e-02
5.751643682757919818e-01,-6.050240938594287909e-01,5.505740597916742862e-01
-6.925606210571267907e-01,1.901128744326336106e-01,-6.958569401363534634e-01
-9.757631911569156768e-01,-2.021629127585718166e-01,8.376366448671285214e-02
-9.578735993284624994e-01,2.010453916600551949e-01,-2.050827106359557339e-01
-4.030862400676409052e-02,-2.382078981299173837e-01,-9.703773555165062792e-01
-3.547954832923537194e-01,8.911351298832968781e-02,-9.306873518202684048e-01
5.635737072040905016e-01,-3.480792570621988324e-01,7.491498564047553987e-01
-1.752127222890589309e-01,-5.310586515816830833e-01,-8.290218395967028364e-01
2.337203024081687397e-01,4.676657209429594952e-01,-8.524456543951267617e-01
2.363278294320602657e-01,-4.499948666453505719e-02,9.706308274703926431e-01
4.405080741240496867e-02,7.287534781206866930e-02,-9.963677584343970661e-01
-6.330584077723266923e-01,-4.845586026183454353e-01,6.036886722287598817e-01
4.212687535521195681e-01,-7.985329400811204126e-01,-4.299741630447636020e-01
2.939302361783859840e-01,8.186198353634637215e-01,-4.934233288056145694e-01
7.603659077333989602e-01,2.515354333817964444e-02,-6.490076930316762693e-01
-9.618015447267013185e-01,4.056083202062733817e-02,2.707260745977853600e-01
-5.224703705037854196e-01,-8.199892730371122207e-01,2.337569336933242592e-01
7.950348090891231623e-01,-3.136644868446400447e-01,5.191668730081971939e-01
-9.562467833386439908e-01,2.282611560474915313e-01,-1.829998196566302027e-01
-1.478164880629035949e-01,-1.775733835093687707e-01,9.729429476211769456e-01
-1.878698720108544773e-01,9.810782940460316404e-01,4.680055707311532587e-02
4.676590095307437966e-01,7.929525397734891179e-01,3.905397809077802984e-01
7.483447709680037807e-01,-3.004881497897194526e-02,6.626289855441017673e-01
1.373066744392267280e-01,-9.471784080140575046e-01,-2.898274323565599442e-01
5.941855222357166344e-01,1.073661709096489225e-01,7.971298956316147377e-01
8.724811285915646808e-01,9.453221651452391183e-02,4.794166666819592582e-01
-9.364701849541164913e-01,-1.280602972213580881e-01,-3.265335403409278525e-01
3.185586004998673393e-01,-4.599220322436904373e-01,8.288498912978150557e-01
3.985248717048429090e-01,-9.169023024879553452e-01,2.163548762853528817e-02
-3.248635374204930093e-01,-9.052204625450456232e-01,2.739335617341868701e-01
8.432289987398236542e-02,7.626879966557404966e-01,6.412461838592848906e-01
-2.388407412542651320e-01,9.149669155304620549e-01,-3.252547367860850192e-01
1.434440884090995294e-01,9.892718247368218476e-01,2.765954233824591962e-02
-1.272508407079142589e-01,-3.300840813441695554e-01,-9.353350858287657887e-01
-6.906485691176865727e-01,-4.252303640249978089e-01,-5.849646925130267405e-01
-3.716212000815480865e-01,-8.560025967105139300e-01,3.593845267604148241e-01
-3.183865682282347453e-01,3.549938279917789763e-01,-8.789820107713188779e-01
-1.083154520520215880e-01,-8.559343311233703622e-01,5.056126814580059747e-01
8.341920663814318404e-01,-1.412963992176147210e-01,-5.330655906681778244e-01
-9.573958913842742779e-01,-1.624800483297304254e-01,2.387327816938415725e-01
6.964662558486516275e-01,4.393886769792890723e-01,5.673379460308912714e-01
1.768447634159575899e-01,3.339968261168553831e-01,9.258358654730443060e-01
4.238812949720893175e-01,-3.702593344538295250e-01,8.265788970343916908e-01
-4.413165537768737323e-01,3.071288527905140509e-01,-8.431557193935685923e-01
-5.897495143309507970e-01,5.803936172983903408e-01,5.615503177327008100e-01
-4.066865458320810534e-02,9.921406311448504045e-01,1.183343929966657465e-01
-8.843873450636057232e-01,-1.112738141481787596e-01,-4.532958881087087999e-01
2.744207145083828459e-01,1.541712569763055152e-01,9.491704246188112926e-01
9.619843393042005752e-01,-2.532088505524568989e-01,-1.023299024496965165e-01
-3.958478656806727614e-01,-5.458424791996497882e-01,7.384852436827943345e-01
5.497800869267858159e-01,5.009114100785013735e-01,-6.684531511422047156e-01
9.864469676020455324e-01,-1.191035822786915555e-01,1.128570635676468675e-01
9.606845071163502281e-01,-2.020797244678347870e-01,-1.903918662801004358e-01
4.340689928410689791e-01,7.619863038165095581e-01,-4.805840012422322172e-01
5.224139696036433911e-01,-5.693715337723934677e-01,6.347438072897095829e-01
-2.600181576453222121e-01,-7.323851851109006716e-01,-6.292872939483237227e-01
8.878664104013292979e-01,3.360269747253180617e-01,3.142914404466156109e-01
4.148300431420972045e-01,-5.086598265091596405e-01,7.544409958389042270e-01
6.360309867092088787e-01,-7.397974515726415401e-01,-2.194636976639538495e-01
-7.604659165890763628e-01,6.202129141519792110e-01,-1.924253902826906781e-01
6.368765644980270979e-01,3.595978456498542530e-01,6.819660042825990143e-01
8.763840943285625684e-01,-4.067058763676931754e-01,2.579559057976611447e-01
-6.813650452247973499e-01,-6.857582165380512462e-01,2.558854110658930758e-01
-3.990061340254862920e-01,-6.405071747394343040e-01,6.561590234976147906e-01
7.740934765280432783e-01,6.302068422045719043e-01,-6.015501338433565381e-02
-2.530123473915642518e-01,8.344693200526358545e-01,-4.895362151652340454e-01
3.685009362157473101e-01,-7.254890009456842481e-01,5.812682423072421667e-01
-5.451531970272209815e-01,-2.985765971504233396e-01,7.833645431120008773e-01
-7.896097764256759799e-01,-2.986988382055508207e-01,-5.359994449881906320e-01
6.223918709025865192e-01,1.550544179444793558e-01,7.671939041143877036e-01
-5.856032765757905878e-01,1.134184289872144924e-01,8.026238611141400803e-01
-1.635686898480296636e-01,-8.100146391284672731e-01,5.631354793466475384e-01
5.374177710798118124e-01,-7.182362292287723937e-01,-4.419489318358412189e-01
6.982668125847586449e-01,2.929532610236609269e-01,-6.531476443334418569e-01
-2.826023952901347003e-01,-6.121602866669340060e-01,7.385090856611962185e-01
-5.862226436837068011e-01,7.896595366837199093e-01,-1.810547656289065999e-01
7.836816971757670780e-03,-9.493961739987383242e-01,-3.139832624461196819e-01
9.460072092571160107e-01,3.096638157517554446e-01,9.580543433243120244e-02
1.004864683474730735e-02,8.817489527115208725e-01,-4.716119263641733728e-01
3.668284025765783385e-01,-3.549569815685049146e-01,-8.599084045983571567e-01
-1.524435650505409356e-01,2.920213791956379756e-01,-9.441845548235572316e-01
2.085327470823530316e-01,-5.875626605651523837e-01,7.818466686658496201e-01
-7.410272695315827107e-01,-6.556273421673641799e-01,1.450219776900217028e-01
2.972083306013295623e-01,6.645486629774749465e-01,6.855962972158038404e-01
5.374359732227914632e-01,-6.034214827126529457e-01,-5.891053291958364690e-01
-3.027034718132713964e-01,-6.875437292492037056e-01,6.600410809353380870e-01
7.954334427292000798e-02,9.966167143403834583e-01,-2.068770357623926984e-02
5.210857692018990850e-01,8.523020280768500712e-01,-4.528657716535103295e-02
-7.272545557682953410e-01,-1.317736007921637142e-01,-6.735996802615977774e-01
6.029805503683041135e-01,-2.864854541571436042e-01,-7.445404894523279804e-01
3.708568393070699742e-01,-8.946059853575930587e-01,2.492896622436245879e-01
-6.421352969227300811e-01,-7.450502385850205078e-01,1.804505539763211208e-01
-7.755586350549203978e-01,6.278118774358437681e-01,6.603824757085537123e-02
3.316930330692809403e-01,-1.826244881896812305e-02,-9.432105887745511064e-01
8.820914805600995612e-01,1.710809622155275711e-01,-4.389144840292936167e-01
2.754667420067919981e-01,-7.080936556092763956e-01,6.501703230185571503e-01
-8.965663766779721211e-01,-2.301251542669532357e-01,-3.784324848425989485e-01
-6.557569195334838064e-01,-6.996040525555593526e-01,2.837904722357574294e-01
-5.987532250015094037e-01,-6.679772344347505442e-01,4.419287157757395001e-01
-5.242859024615276198e-02,-9.019095932481289157e-01,-4.287310678406639486e-01
-3.954300189547781397e-01,9.176120106616367789e-01,-4.029017248575350596e-02
7.404331881050260078e-01,-5.140070675745870288e-01,4.330767004076770954e-01
5.769329470142716687e-01,-2.936065206589860699e-01,7.621965531776905278e-01
-3.411930741926250676e-01,-5.052021060124151086e-01,7.926904302460111573e-01
-8.968191328314720767e-01,-3.737291183395143324e-01,-2.367318928504896780e-01
3.400220293666330607e-01,-8.994651210568498367e-01,2.744950191671669537e-01
-7.481792493074307382e-01,3.643310144636712766e-01,-5.545184602929297268e-01
-2.372251650027052405e-01,-9.566468780104249170e-01,1.689703284081150170e-01
-8.257598321029675503e-01,-2.618673361591773996e-01,-4.995459918147430178e-01
-3.631279658266079458e-01,3.480548586809726341e-01,8.642892431259328045e-01
-3.338101243122382766e-01,2.172322572008590080e-01,-9.172681981503927329e-01
2.682813877873231889e-01,2.106708205394811073e-01,9.400228201166872521e-01
3.308561510703820763e-01,-2.887230987656058123e-01,-8.984281716075461777e-01
9.356505488920809077e-02,-9.630035415630557871e-01,-2.527246712147266927e-01
-6.106286686225255167e-01,6.103316375650956749e-01,5.046066995625311247e-01
-4.222618246456450453e-01,5.601468609054454095e-01,-7.126923920350956010e-01
-4.195277209110875871e-01,2.678773158261610332e-01,-8.673166867142124703e-01
-8.794596522501272329e-01,4.315341049523346295e-01,-2.008209061006166751e-01
1.962407029231708067e-01,9.681919756224364182e-01,-1.552220501621580095e-01
3.008069781106689211e-01,9.065437924986594620e-01,-2.961309072050311575e-01
5.878363386935232526e-01,-7.839224116284464472e-01,-1.997851132042481326e-01
3.909861809430346113e-01,-8.334090538877531040e-01,-3.905882169363293355e-01
-3.335945193841610146e-01,9.039804678515691583e-01,2.674584273858436334e-01
-5.026017354066668608e-01,-8.519613366079328287e-01,-1.468106824840459124e-01
-7.191894138562193728e-03,9.765189178406032955e-01,-2.153115876076251989e-01
4.570802396203150764e-01,6.374211768196735850e-01,-6.202998451478588526e-01
8.349690823047637434e-01,-3.143362197347084330e-01,4.516850368985378950e-01
-2.896670913465044794e-01,-8.177987766312053708e-01,4.972907973523740255e-01
-9.334453844142536205e-01,-3.574499900503659289e-01,-3.015325734841294014e-02
-9.826597331830038140e-01,-1.817493620461547443e-01,3.670174623261943797e-02
2.374582600473434946e-01,-1.554173262007599310e-01,-9.588842628033349413e-01
-7.250803670023245884e-01,-3.798324469743239451e-01,-5.744438820400751267e-01
-9.971762128176554496e-01,-7.507129788065375342e-02,-1.975050670831964526e-03
9.489021955704783906e-01,-2.949109472346685412e-01,1.123038576482400519e-01
-8.059302841470715739e-01,-5.144751207226930800e-01,2.929022486291135152e-01
3.293607677384510768e-02,6.375533946260670826e-01,-7.697018148916667801e-01
6.911041598460425650e-01,4.427240478090191944e-01,-5.712884190451376076e-01
4.453087169241389809e-01,-8.914399201803597794e-01,8.387499830229963593e-02
-4.907433563938848331e-02,-7.121741243867514282e-01,7.002854604627435364e-01
2.077675351072417742e-01,-4.778927478812753371e-01,-8.534935107415548838e-01
6.785962814644090901e-01,-6.390443528923893668e-01,-3.621179391013706894e-01
-1.306811085298184572e-02,-2.793239344566972315e-01,9.601079960704238525e-01
7.938710383155784811e-01,4.052991704468454359e-01,-4.533225749494986800e-01
-6.520574643606993348e-01,-5.980134011187934195e-01,-4.660483185827715147e-01
-8.321339845759025966e-01,-5.490743280479211119e-01,7.791286153489521138e-02
4.937850025315715374e-03,4.916992322854314423e-01,8.707511025586158748e-01
-9.728651186944364815e-01,-1.202715053724523475e-02,2.310601836699999190e-01
-1.527085744071418894e-01,7.853542778623044951e-01,5.999156186880927333e-01
8.765681727259151401e-01,-4.392174652017232228e-01,1.967644704353999074e-01
3.453814089250082375e-01,-7.894064832448501878e-01,-5.074929423942505791e-01
-4.270847762962327598e-01,7.692096029119876999e-01,4.753053551602160476e-01
6.823434765378261213e-01,3.262341523026199841e-01,6.542007779708490789e-01
-9.254515769831661576e-03,-1.350577406653171719e-01,-9.907945097870929363e-01
-9.629887606412590451e-01,7.989337516381428417e-02,2.574290105709650667e-01
3.410442647400544480e-01,8.422255163261187505e-01,4.175463915987278618e-01
-6.571721872265399167e-01,-6.697400851725592297e-01,3.457931963601052483e-01
3.016395037555268388e-01,3.039008375678662888e-01,-9.036912585057292890e-01
6.577005316233530685e-01,-1.845718406404311673e-01,7.303172230921037844e-01
7.679006688830721794e-01,6.101311355668994629e-01,1.951116606991388780e-01
6.626519111872342105e-01,6.809146459747821289e-01,3.118456180499304953e-01
-8.037727237090244725e-03,7.628462355599773259e-01,-6.465299806140728522e-01
2.939431713254074263e-01,-3.320230574354148256e-01,-8.963024608704369678e-01
9.537682117148435501e-02,5.821746387478659024e-01,-8.074502783342232259e-01
8.743539571478077255e-01,3.133391216614067054e-01,-3.705721960110174296e-01
-9.608506650018628914e-01,2.411390886541527057e-02,2.760154324756284305e-01
9.397096753859579543e-01,3.013898110539263708e-01,1.615856051104052615e-01
9.455790345259335039e-01,3.170047285323083774e-01,7.340498316300256287e-02
-6.144977755837573996e-01,-4.633505591840386129e-01,-6.385129153795190415e-01
-6.833030276010265691e-01,7.072749751203643021e-01,-1.812707423710690491e-01
-5.046242590870739786e-01,-8.576687985226960631e-01,-9.878557172713320345e-02
-7.410050694220479128e-01,5.636155620602592564e-02,6.691299291414644079e-01
-2.232816500674079108e-01,9.291903224052062704e-01,-2.945346320752190716e-01
6.111316575017424757e-01,4.385662749036833841e-01,-6.589216339719612403e-01
-6.857921014512496916e-01,6.893416053494059170e-01,-2.334466635473358420e-01
2.973195788516273114e-02,6.960875140485719426e-01,7.173410510112983030e-01
8.095986784505756484e-01,4.949217774337679177e-01,3.155985013793342620e-01
-6.733680781063615672e-01,7.375471433066598248e-01,5.098669225916152570e-02
-5.657365064402188892e-01,6.300981678734189906e-01,5.319008404988442296e-01
-3.238819507109418350e-01,-7.913248451140059148e-01,-5.185609621914952783e-01
1.792302346453070738e-01,4.457089836824412732e-01,8.770518940483246206e-01
3.882454280201678709e-01,-3.080149688887892645e-01,-8.685575781500467496e-01
9.233501892766674546e-01,-1.587861280907943984e-01,-3.495874618585111393e-01
-2.903831964164489410e-01,-8.483166868380330738e-01,4.427599779464136409e-01
8.299299408986886561e-01,5.384331547285576836e-01,1.459658559011394185e-01
-1.970986207827122305e-01,-9.638069896612604381e-01,-1.795222002027931085e-01
5.579776637616973289e-01,8.203934697449387636e-01,-1.249619203713614873e-01
-3.613587402750348399e-02,-8.034630307012926576e-01,-5.942569788438011313e-01
5.366561864224504985e-01,-8.412929242772568816e-01,6.501040790160958482e-02
4.988855600029067361e-01,-3.865766433541478753e-02,-8.658052800767137569e-01
3.474532722544338981e-01,-8.807783671150625215e-01,3.217230044958083179e-01
-6.869419244410934766e-01,-6.925411400445511401e-01,2.202216197174113876e-01
-3.558868583501852978e-01,8.856910840013014763e-01,2.981540671770794293e-01
7.212615822185021175e-01,2.340794644688589110e-01,-6.519114466932109941e-01
8.741989121159352560e-01,-4.742159441455685021e-01,1.043815135617522372e-01
1.180690111868537284e-01,7.828210798032663176e-01,-6.109426041888113001e-01
-4.319884784281168011e-02,8.686506706626977159e-02,9.952830349546937239e-01
-1.214027642700723497e-01,8.873265438936716043e-01,4.448741095290859038e-01
-3.435367008711291970e-01,1.390119882193531220e-01,9.287939503925951579e-01
2.024773495726264194e-01,9.566682392907080446e-02,9.746028841068389292e-01
7.427869042991127602e-01,5.661846966801201697e-01,3.573548713071935667e-01
1.266929249307307825e-01,-9.751805746822753695e-01,-1.815812477510914125e-01
-4.940885832148182444e-01,-8.382887384720616453e-01,2.305395039634057230e-01
-9.480679646558372031e-01,-3.166158594003984361e-01,3.035674504101690263e-02
8.041052371901535878e-01,-2.224822344140880148e-01,5.512861533663634406e-01
8.903191582173877183e-01,4.007180659316935123e-01,-2.162332725254024202e-01
-7.872396126661742599e-01,4.740057026315127597e-01,3.944266549334843330e-01
8.661871688813345127e-01,3.587376737806708960e-01,3.478894506531795550e-01
-3.834490271558443353e-01,4.461233858190146173e-01,8.086660424418816717e-01
8.424799603432587825e-01,5.322155468939525624e-01,-8.351124513735709576e-02
6.389196435351551795e-01,-2.220086806553672742e-01,-7.365418079230623416e-01
9.563647363815627189e-01,-6.423527772994673535e-02,-2.850268761025541164e-01
4.011444282175416487e-01,-4.114511307181297206e-01,8.184076702602403053e-01
2.064812712630829938e-02,9.914281516650188530e-01,1.290111426670596806e-01
-9.550279863529795854e-01,-2.480747958132802078e-02,2.954761144989471733e-01
-7.786035730057272453e-01,-5.121865793633274544e-01,-3.625484574823188977e-01
-2.936394820607078349e-01,5.263119804281986003e-01,7.979796700623812411e-01
6.857829834840217798e-01,-6.016012752555668364e-01,-4.096066468877541666e-01
6.749170137734992192e-01,-5.811282191131048602e-01,-4.547274100705760436e-01
-5.293638955301844806e-01,6.931087322003532947e-01,-4.892587775980385412e-01
-8.602928001658549650e-01,-1.776037047541501046e-02,-5.094907920888934738e-01
-6.938919531353777703e-01,-5.956896814089003289e-01,4.045587235951454974e-01
9.136882733809845725e-01,-3.245150334931871106e-01,2.446706605275565938e-01
-8.549292157320182994e-01,-2.806429221479109226e-01,-4.362746684556845223e-01
6.871794800692764271e-01,7.182131770407949034e-01,1.093352390434421395e-01
-6.957696616691266822e-01,-6.082122676476083845e-01,-3.820764522759588222e-01
-6.506816507050603438e-01,-4.831947452383154040e-01,-5.857783092688026993e-01
9.550242059237937786e-01,-2.982487523015553421e-04,-2.965277004721625920e-01
-8.552917990303029461e-01,-7.136033601536057036e-02,5.132091590718961260e-01
6.880619422067963953e-01,4.444657999018344352e-01,5.736034487380926583e-01
-5.840194236734515265e-02,-9.532991544725957223e-01,-2.963274121804388983e-01
9.314283324684051735e-01,-4.861409120258503025e-02,3.606631830554274942e-01
-9.534371088668634753e-02,-9.625358445320530976e-01,2.538391711011588892e-01
-6.004354810881016302e-01,4.456882773884128790e-01,-6.639572218517164615e-01
-8.925091323748634009e-01,-1.866881808940979159e-01,-4.105788252478700384e-01
7.623561091960088243e-01,6.364774976370977111e-01,1.170878207720220804e-01
4.844070288544961161e-02,9.776257098383485111e-01,-2.046984850140042556e-01
-2.189995506328347441e-01,4.624407380051255845e-01,8.591785382886909517e-01
4.948469121221348854e-01,-4.855819128982457045e-01,-7.206502198912233537e-01
-7.499949893409246782e-01,-4.207208179342501464e-01,5.103934847940765351e-01
-3.650408412244654510e-01,-1.495852041605669203e-01,-9.188957780588482560e-01
1.695627759920538824e-01,9.807752481578234649e-01,9.658352653961294054e-02
3.300218970507769467e-01,9.411588317186011521e-01,7.283955618401570520e-02
-5.660960525670870602e-01,-7.464432577632765797e-01,3.497966869593083228e-01
3.321205906867650270e-01,-8.764354880408292692e-01,3.486498939401933561e-01
1.784006235025149267e-01,9.814693529175687603e-01,6.993659140595061274e-02
6.601906788132307913e-01,-1.627174406155557085e-02,7.509217655344135878e-01
4.532015562566667488e-01,4.745414319116607604e-01,7.545984222126136398e-01
-8.524197186905316803e-01,1.673979950135104089e-01,4.953367889153921233e-01
-3.217002987726426400e-02,-3.244297431937377407e-01,9.453625922940580573e-01
5.876164893489148611e-01,5.340600283096721412e-01,-6.078542157517121680e-01
5.065703746533676277e-01,8.108716472656065655e-01,-2.930420228982670849e-01
7.450180645684171266e-01,4.911511963048934559e-01,4.513519533966832697e-01
6.627783266097272419e-01,5.799426498750978598e-02,-7.465665107711221271e-01
-4.341505455137214531e-01,7.381450352790868141e-01,5.163866872054059254e-01
-8.874500171127654990e-01,-2.555202892777150847e-01,3.835907309802791265e-01
4.241668223881104871e-01,1.552811294881902837e-01,-8.921716637565022534e-01
-3.110876869027744407e-01,7.151647013103876738e-01,6.259104576991069147e-01
-6.435856694908774767e-01,5.962967750036479719e-01,4.798204269789145826e-01
3.714750930804022744e-01,9.256496101017755995e-01,-7.196564832847342219e-02
7.403536714925983420e-01,-5.179391029839039984e-01,4.285038234457875794e-01
-5.044875936089969759e-01,-8.531384481465253966e-01,-1.328422229140351907e-01
-8.302736072724796745e-01,1.704831813858944667e-01,5.306422730345635719e-01
-2.471699499636471620e-01,1.381309903072414635e-01,9.590760373149300744e-01
9.577830650920737821e-01,-4.734513374095049992e-02,2.835666386123086302e-01
5.691237583747188467e-01,-3.870137458756440219e-01,-7.254781238305790803e-01
-4.616153292288891485e-01,-8.298244507999255060e-01,-3.135325639794159236e-01
3.610061411218412064e-01,5.542864442649472201e-01,7.499607348231231985e-01
-4.103818002752982474e-01,-9.036994066947340309e-02,9.074249565810943441e-01
7.566703778830193849e-01,-4.133018305359171807e-01,5.065881326186277844e-01
-6.982960793611623362e-01,-3.380876852358410956e-01,6.309352602610669436e-01
8.824160901427205994e-01,-5.549087987178272230e-02,-4.671858368018976804e-01
-2.024317674608314688e-01,-8.847072420142673144e-01,-4.198981727159481481e-01
3.648886025493847662e-01,-9.258446861209432832e-01,9.832560658937757048e-02
-1.581138158785251602e-02,2.968233613059049758e-01,9.548014937123565637e-01
3.858825699199789350e-01,-9.221672732896640801e-01,-2.649834533434605732e-02
1.108965712903517975e-01,9.797849825630945420e-01,1.665032684960884857e-01
-1.891198777137321207e-01,-1.447243083955702669e-01,-9.712304291016456981e-01
-3.846597183066166603e-02,-9.658066807996241732e-01,2.563938851336652891e-01
-4.680132873820324058e-01,2.146364810265233292e-01,8.572600211408520909e-01
-1.826149844224481678e-01,3.542943178473649257e-01,-9.171299274396506052e-01
1.100491509672305579e-01,9.263316029677883812e-01,3.602762075332197611e-01
-3.274310827764365106e-01,8.944759317011607980e-01,-3.044695282605321962e-01
5.903021233570604487e-01,-8.000138894762819364e-01,1.073367588721470395e-01
8.866915558221876159e-01,-4.408885542658078638e-01,1.392672522563510318e-01
9.335890600019979002e-02,2.810708220884140518e-01,9.551352300281825691e-01
-9.535138624853001232e-01,-5.111092394909901027e-03,-3.013058094078092664e-01
-1.549066750252426905e-01,-1.615311381414175351e-01,-9.746340920793619134e-01
3.080820967323426585e-01,9.498050459764904030e-01,-5.436723563508133461e-02
7.523323521760593158e-01,2.915338332407904076e-01,-5.907656523065376586e-01
3.599682226014804254e-01,-7.929635929694736074e-01,-4.915603919581748027e-01
4.752920007560414994e-01,-8.399227399061336419e-01,2.619681373867673857e-01
1.408275365061357198e-01,-9.865467620220603751e-01,-8.302464275985209363e-02
9.170841672394525190e-01,3.664527157532445623e-01,1.570638001443732112e-01
-7.892458797174812801e-01,-8.949670911048882016e-02,6.075206008090354715e-01
5.062854489336877650e-01,7.932785883456348053e-01,-3.382072226762334877e-01
3.251355416881733240e-01,2.972860172642284304e-01,8.977237344920268036e-01
1.726985769198933485e-01,-9.425436910642277510e-01,-2.859835519131568859e-01
6.432054175809058805e-01,2.472679745247494121e-02,7.652943069710611557e-01
6.110384142086394688e-01,6.601417786169626600e-01,-4.368579728994582134e-01
5.817451402146187611e-01,4.115521016804887244e-01,-7.015678580430022571e-01
-8.570746253247195634e-01,-2.001452692425961521e-01,-4.747261924776221553e-01
-6.500879583910528225e-01,-6.697039805166357107e-01,3.590017058944516837e-01
-7.403507282216394980e-01,-5.658441576368692383e-01,-3.629065836960114200e-01
5.236746203256319454e-01,-7.420373004292818431e-01,-4.185039268614204611e-01
-5.569979839233902830e-01,6.435313745808819430e-01,-5.249958245884622787e-01
5.850068402899623043e-01,-7.711884441172045523e-01,2.510684776590642597e-01
6.136391295519912081e-03,-9.916956760731198139e-01,1.284602302650358352e-01
3.955910557712418174e-01,-7.832913578316341718e-01,-4.795439138807511825e-01
-4.623629448450470303e-01,5.191464080367270695e-01,-7.188237017911833782e-01
5.653793810387880425e-01,-6.930916439871390722e-01,4.471801969356448136e-01
7.945977976093688833e-01,5.459199086929471534e-01,-2.656798700071661967e-01
-5.887316550700481821e-02,-3.538984412079030362e-01,-9.334290780202858517e-01
-8.258120660991636885e-01,-7.082868749211101989e-03,5.639009349658076209e-01
4.404993121722194371e-01,-8.231196214878748474e-02,8.939715302306991962e-01
-8.325051767208039299e-01,-2.519337289518573386e-01,4.934212469578861393e-01
4.228337728523794414e-01,3.016444790632610284e-01,8.545304024937182552e-01
-5.559155811275017234e-01,5.573877441312558023e-01,-6.166658490235548129e-01
7.867771646680397080e-01,4.909775899906446833e-02,-6.152813203878290116e-01
-8.894247965957257085e-01,-3.564161897340573093e-02,4.556898135767429303e-01
4.822318814894832606e-02,7.205204875159583189e-01,6.917548346014770200e-01
7.714453128284622929e-01,-4.969486485171131784e-02,-6.343520707953637094e-01
-2.013338785515298435e-01,-5.378400772276910047e-01,-8.186529916118976402e-01
2.007767385251073566e-01,2.248051586177726990e-01,9.534942799650445444e-01
5.835742240287622451e-01,6.393491214057628325e-01,-5.006733725762806397e-01
5.940360871461677350e-01,6.064310475196748040e-01,5.285475492065601077e-01
-5.865937490200542337e-01,7.912733815299983764e-01,1.726099918680238932e-01
-3.541907913522825413e-01,8.607024853624956062e-01,3.657049562312039703e-01
-1.651228968893660443e-01,-8.373508757253789181e-01,-5.211314036256160520e-01
-4.955290100280220211e-01,8.565777814388492173e-02,-8.643574175444447283e-01
-5.630270233528966717e-01,-8.056854529845740576e-01,1.840421740346998569e-01
6.088801056261730071e-01,-6.774332253826568229e-01,4.127338635492741048e-01
7.665849730409928231e-01,3.408927784661026084e-01,5.441870934682310201e-01
6.383683718155442888e-01,-6.204252657449330632e-01,-4.555856796376506201e-01
-5.154630934448736768e-02,9.273358402856477500e-01,3.706632127884741390e-01
1.253147561273747768e-01,-9.555156521320989915e-01,-2.669944763984944403e-01
-2.542112072462912598e-01,-9.667209902233339092e-01,2.876089657851226000e-02
6.972468030403541350e-01,1.323208267012164763e-01,7.045126645214493388e-01
-5.980252560615457735e-01,3.314036038317381694e-01,-7.297516320501504783e-01
9.073352166962720400e-01,3.488884276707369669e-01,2.345627199283170095e-01
-1.853328409333828697e-01,5.027451501651184484e-01,-8.443334957568685573e-01
-6.278693313476150228e-01,1.095087289605499725e-01,7.705763693720069085e-01
-9.070878097737771206e-01,4.003608195442611706e-01,1.300112284906936866e-01
2.145253447592435914e-01,8.121152368438501190e-01,-5.426303700881340841e-01
3.411056478590002716e-01,1.591258485238983278e-01,-9.264587963478143617e-01
8.148356420117722210e-02,9.712019957252637781e-01,-2.238908489964188120e-01
-5.841483856189279011e-01,7.262942426436738153e-01,3.623083447582354788e-01
9.046547971869364213e-01,-2.490785283389193028e-01,-3.457738923735871328e-01
5.672501190801230164e-01,-5.584928047066293200e-01,-6.052380436609294811e-01
-9.854769394918314607e-01,1.698091835555404494e-01,-2.071473250964215446e-04
9.060129930915131746e-01,-3.639297435275804515e-01,2.160916428863177696e-01
-9.205986041953309051e-01,3.690861267043067384e-01,-1.275681818794210942e-01
-3.701254441799785022e-01,-3.555634371328087462e-01,-8.582434373444848275e-01
3.979150755259084349e-01,-8.242736940629232789e-01,4.027858859804708258e-01
6.305760605239713046e-01,6.019129217642321672e-01,4.899741488153376845e-01
2.721142978607525853e-01,5.907674355368659480e-01,-7.595706984928689565e-01
-2.986379619520244666e-01,-1.668493288746127345e-01,9.396683825346219265e-01
8.468899644504184199e-01,-1.086431901829632840e-01,5.205516740344209303e-01
-7.398476426867603983e-01,6.682047873707230856e-01,7.828044293238434204e-02
-4.480704619396386756e-01,-4.997303586291748645e-01,-7.412843110450639816e-01
-6.273231064964912562e-04,8.406550366372675942e-01,-5.415706009765619555e-01
5.649695646233651170e-01,4.049267140864476477e-01,-7.189184566196902271e-01
-6.803760001835998938e-01,5.709526144354495347e-01,4.594579528569409099e-01
3.991075538406405609e-01,1.129367702601605794e-01,9.099222199674783518e-01
-4.555136682366776046e-01,-8.767872347904445141e-01,-1.541150315773656965e-01
9.279885158055904970e-01,-1.060491328691468005e-02,3.724578504302393789e-01
6.084266220443297346e-01,-5.305281579197675956e-01,5.902176880117915303e-01
1.575451425800664662e-01,-7.618977608873145346e-01,6.282446418429074031e-01
1.656569602692173904e-01,-1.947675420330335361e-01,-9.667592130850233278e-01
8.551926047560770572e-02,4.258511021755117532e-01,-9.007426351980941659e-01
9.984430402694336459e-01,-5.308726649167089945e-02,-1.712417805245832966e-02
-1.278679825440789952e-01,-9.917829110740555842e-01,-4.054175819936715885e-03
-2.315903081479803172e-03,8.430285950320340893e-01,-5.378637602137102958e-01
-5.520805539608948376e-01,-7.364214568477198686e-01,3.910121479347076212e-01
5.927388154978940893e-01,6.077551652178130315e-01,5.284830704509105859e-01
-3.055687417050069743e-01,2.208391465759458605e-01,9.262061408954416208e-01
-6.798583092779064696e-01,6.276569451407847389e-01,-3.792617018924061001e-01
1.477679117765121619e-01,-7.661994903235791465e-01,-6.253822713165896330e-01
7.291103914618896065e-01,5.538651266758678471e-01,4.020341509307572281e-01
-5.304307015897851141e-01,8.475311140625652051e-01,1.828336694472340596e-02
8.092949197211963819e-01,1.671157110058239248e-01,-5.631288236704636851e-01
-3.116459676609379392e-01,-9.240436374041056666e-01,-2.214049390001662787e-01
-7.479303315398965202e-01,6.550930948494908534e-01,-1.070198871384969164e-01
8.957934323202054738e-01,-4.204735679508594948e-01,1.440697930402466409e-01
-7.855923578538830387e-01,-3.360419825125461890e-01,5.195386735081558571e-01
-2.250982563633794342e-01,9.724802092188054026e-01,-6.010838260937435840e-02
-3.012677763721349211e-01,1.570451342792630323e-01,9.405182362500992266e-01
9.372393257017281876e-01,1.634425701740442605e-02,3.483034763259175715e-01
8.655819923574299413e-01,3.223498693162577533e-01,3.832210540384409780e-01
-7.055853192434526910e-01,-1.680475223964738307e-01,-6.884107694425777302e-01
9.620241831473075322e-01,2.244602360845028566e-01,1.553289202197865593e-01
4.547788307802477781e-01,-4.947749072640063028e-01,7.405227925027321190e-01
2.029784285617233230e-01,-1.965710492188218472e-01,-9.592494879579686051e-01
3.984753013566500468e-01,-3.429273963480845566e-01,8.506575309974342414e-01
-9.171296306800644782e-01,-3.526214010060590431e-01,-1.858262308749032976e-01
-2.112830800868877867e-01,-8.686515089126528588e-01,-4.481116112452000477e-01
2.910876439954541151e-01,9.510587103738460391e-01,-1.037078248504550437e-01
6.837320146222783945e-01,6.445623239245383829e-01,3.421256242340796616e-01
5.242356212966056139e-01,5.924454418943436718e-01,6.117069655826858909e-01
3.597753442084272724e-02,-8.281418773439466197e-01,-5.593627159600831344e-01
3.477263116317534375e-01,-9.114610029001737335e-01,2.198300534303402887e-01
-9.291345203074657944e-01,-1.534956795512108230e-01,3.363749686467879529e-01
4.904719911716565184e-01,3.844176775853323513e-01,7.820871275222536223e-01
4.915000958640654560e-01,1.244888422988074672e-02,8.707885398000168031e-01
2.485340899477007093e-01,4.050733947336372376e-01,8.798558694541027680e-01
-4.739010827859495012e-01,-6.878329335078957607e-01,5.498214431215167064e-01
2.748856432610001788e-01,9.249295979351499497e-01,-2.625702229737938431e-01
-7.405256716971756470e-01,6.717827236591978890e-01,-1.815769122097213306e-02
-5.843538696979535541e-01,1.741289480105209508e-01,7.925967855308123644e-01
1.443137872491341567e-02,4.006285368956935544e-01,-9.161269075477009860e-01
-9.467481223383605871e-01,2.815027560495323988e-01,-1.562824084319985596e-01
-7.462509458500248272e-01,-4.919799143978733635e-01,-4.484030437530556190e-01
8.081946295359363486e-01,-5.302803064641468112e-01,2.561722806346560244e-01
-2.305933862184937275e-02,5.893238518733914799e-02,9.979956116529041799e-01
7.720987823052736232e-01,-1.771590068344815472e-01,-6.103098857630719909e-01
-9.466182885899148136e-01,-2.083512609812547267e-01,2.459747299106583018e-01
-2.137959409938854430e-02,1.574979626727997933e-02,-9.996473662615655842e-01
8.970512060374542518e-01,-3.703086717208920464e-01,-2.411858648326181687e-01
-4.107697767298330582e-01,-4.183528938221600657e-01,8.100919989457662229e-01
7.842564321331321198e-01,-5.501173958314485857e-01,2.869018986717154496e-01
-9.168304914840109676e-01,3.980508877493800224e-01,-3.126244787468436537e-02
-3.527217936712531143e-01,8.524557315051416451e-01,3.858841303984495430e-01
-1.154169157877469876e-01,7.038793804202410076e-01,7.008799849969047369e-01
-5.041460503813595118e-01,6.385072816535601881e-01,-5.815025461339413670e-01
-7.692102164645915341e-01,6.226944145723926072e-01,1.434130710459888824e-01
5.486352398873163283e-01,8.248182644672096275e-01,1.366535918118760295e-01
-1.716703614461839444e-01,9.415190199548170158e-01,-2.899503786240968939e-01
-3.196773313496079627e-01,-9.382066215786034613e-01,1.325697516300622658e-01
2.645359170556639550e-02,9.639372787003920307e-01,-2.648114994058187177e-01
-8.226707037872509065e-02,8.678379637787727585e-01,-4.899891812638472732e-01
8.468570187105923797e-01,5.248731082892704736e-01,-8.568202877714529986e-02
-5.964146088369370879e-02,6.884344301646019293e-01,-7.228422590770399170e-01
2.682290564343862149e-01,9.419707402284932529e-01,2.018521682759519542e-01
-3.881447208336140653e-01,9.123403191352914554e-01,1.303027926374192014e-01
-2.504441296925150051e-01,4.805457082165326410e-01,8.404484280532802387e-01
-3.300893449273858415e-01,-9.267163128178973475e-01,1.795491573987769707e-01
8.843176595613858604e-01,3.456408804955123371e-01,3.138704489405779174e-01
-9.054125781280218943e-01,2.913569198198684984e-01,3.087704789008293149e-01
-9.405307701754709315e-01,-2.352858081583015515e-01,2.450356276797934219e-01
-3.044667931507763492e-01,-9.480016410679974470e-01,9.269768282360799083e-02
6.597882646787140981e-01,-1.001024731596715789e-01,-7.447542820686352538e-01
5.516215659996108744e-01,-4.117992568898728445e-01,7.253516526134654585e-01
9.810639926627728880e-01,-9.823834413808786581e-02,1.669211491740504316e-01
-7.679088249112014930e-01,1.739310813924307975e-01,6.164933215770933561e-01
8.205403967693027933e-01,5.209846498846439911e-01,-2.351349651886130987e-01
-3.877168833769271128e-01,8.116216602905816924e-01,-4.369735677265178531e-01
-7.640271379957999653e-02,-9.673541185335234882e-01,-2.416374033139109256e-01
-5.412304459130702350e-01,3.528147494313557120e-01,7.632767237381401504e-01
1.664450792174680394e-01,9.536154424964374821e-01,2.508258827087319620e-01
8.724922834021555662e-01,-4.867755803838242912e-01,4.250587895437243913e-02
1.178131017254776952e-01,4.092616155549999024e-01,9.047789802460785014e-01
8.496592176092904181e-01,-2.667095271324780859e-01,-4.549123454780474862e-01
9.322650833233852019e-01,2.321940362612432973e-01,2.774306110377047774e-01
-5.461619287972424575e-01,5.533795869132678291e-01,-6.288705592728736082e-01
2.408921757088598181e-01,1.613277137613926826e-01,9.570498045842620316e-01
3.421080549675200588e-01,-9.395584764165296754e-01,-1.385453428266493481e-02
1.077743284414025005e-01,-9.440399812550591685e-01,-3.117261745842856424e-01
-4.333044341577700909e-01,-4.332377918260167382e-01,-7.902862032662165692e-01
-4.123926466656986367e-01,7.179174732248233548e-01,5.608268954093994507e-01
-6.112404318194617492e-01,-2.213778741752981949e-01,-7.598532564481011997e-01
8.061576427081440510e-02,9.967298805725179900e-01,5.535677458658079531e-03
-7.089665175561197241e-01,-3.558354834876988892e-01,-6.088904545773594634e-01
6.500899419576157134e-01,7.400068114699190902e-01,-1.725485043217350190e-01
-6.730849857843180795e-01,-5.889863643047028585e-01,-4.472713545207785413e-01
-8.667731066217888580e-01,4.673513044270938277e-01,1.740320082269544155e-01
-6.346763587951976815e-01,-2.243949365973754162e-01,7.394814615769140786e-01
-9.860002706207554590e-01,1.347877444344390274e-01,-9.816175572020818807e-02
2.741546232400151051e-01,-9.604203255045666854e-01,4.931572684070982537e-02
-3.976411412559275327e-01,3.720578716481364179e-01,-8.387219222873230073e-01
7.299807355187907243e-01,-4.888311971064721595e-01,4.776737239025172777e-01
-8.220003278416719850e-01,3.019609572500556727e-01,-4.828405961855462558e-01
-7.024853437786082733e-01,-6.943897676912784700e-01,1.560038214336535722e-01
-1.275923838999134530e-01,9.396993886667903695e-01,-3.173093798014757771e-01
-9.955606794543145899e-01,8.716951990523806593e-02,3.550222984481056498e-02
7.255952970376501610e-02,-8.319232360988852992e-01,-5.501262072360547650e-01
-8.682116692399024505e-01,4.126434925078995564e-01,2.755609650994590432e-01
7.313357722174529396e-01,6.209946630421264713e-01,2.819815893782736671e-01
-8.363233325730292655e-01,5.307382611276765250e-01,-1.374051730071054467e-01
9.565971548865767060e-01,-2.164547845147236083e-01,-1.951133248232714557e-01
-5.374783735593147149e-01,-2.711085114329224721e-01,-7.985093443314603689e-01
-1.904387411124376650e-01,-9.062905086189301240e-01,-3.773202881780292617e-01
-5.920481734267449281e-02,-2.561917262479535551e-01,9.648111675377283314e-01
-5.671528441130788689e-01,-1.860549671723812915e-02,-8.234023845644061756e-01
-4.884330273405390055e-01,6.571896060595683320e-01,5.740513909836169049e-01
-7.498185133678254566e-01,-2.616508448986212820e-01,6.077096612484467197e-01
-4.110870998791515407e-01,-2.834531037397947650e-01,8.664073720215137442e-01
5.029219587024458260e-01,8.394440525743630532e-01,-2.059203390936044376e-01
-7.573245274086626289e-01,4.447513084619306167e-01,-4.781797086939666430e-01
-3.876561086114153898e-02,1.929597634815054252e-02,9.990620064397075506e-01
4.182642741481643056e-01,1.145587106541046118e-02,9.082531365150587899e-01
4.634520023262923005e-01,-8.366564886599826556e-01,-2.919214989049263576e-01
2.097167934034632752e-02,4.451837076620642764e-01,-8.951936411178886832e-01
1.697010127962196580e-02,-9.109512668046162442e-01,-4.121647791473994071e-01
1.274430441559366300e-01,-6.360205740804424079e-02,9.898045508026985795e-01
-3.170565286645553593e-01,8.104356855006278337e-01,4.926146133625243784e-01
1.775637245371585460e-01,3.791224457695495653e-01,-9.081504802851819713e-01
-9.440229331761970100e-01,1.381606954784493080e-01,-2.995535408943125200e-01
3.540191139600956105e-01,-9.026608699064830876e-01,2.446912766948997620e-01
4.251179754040539938e-01,-5.976645304614631726e-01,-6.797586454151480773e-01
-4.731427623788732051e-01,1.695342292441263388e-01,-8.645195610991628365e-01
-5.926223452739234343e-01,7.997566874677222160e-01,-9.585403868742689570e-02
-2.479882868247600958e-01,4.694786976836192588e-02,-9.676247759963225725e-01
4.487206531204961379e-01,-6.460550493718709708e-01,-6.174646942491727186e-01
4.755610566074549017e-01,-2.176920123801613649e-01,-8.523214588312771900e-01
-2.550145111793018504e-01,9.318213834312008004e-01,2.582179476108211746e-01
2.325752330433633885e-01,7.345743801639561532e-01,-6.374239099544076748e-01
2.447207740739044263e-02,9.866159246341457134e-01,1.612145610224975933e-01
-2.209676925821002502e-02,-1.816080255342061578e-01,9.831227074225863394e-01
-6.855841157353191884e-01,3.378647204526413206e-01,-6.448425008673657199e-01
8.947824313046772726e-01,-4.159071877866482025e-01,-1.624364853593329161e-01
-4.617316539119755703e-01,-6.265839543802759204e-01,6.278506413860609481e-01
-4.480992409515253128e-01,8.755066119291849969e-01,-1.808182588317529260e-01
8.146683628354994822e-01,-1.645847699812307274e-01,5.560821091216228140e-01
-1.475520976002707707e-01,-9.474285747617481324e-01,2.839145544326371895e-01
9.153235047955864123e-03,-9.262008861507149415e-01,3.769192709079582926e-01
-3.379537455966477588e-01,8.577318363195388651e-01,3.874059405857221972e-01
3.918589251794272199e-01,-8.822049514266189219e-01,-2.610766294320137071e-01
-9.600251450228984851e-01,1.425111845429225532e-01,-2.409196613062857262e-01
9.706322392274508992e-01,1.688615126557568846e-01,-1.713442316388685271e-01
-2.665686692749789644e-01,-8.720120350568079104e-01,4.105315521090322495e-01
5.759677457013654411e-01,-4.770904674414748192e-01,-6.638116011250196902e-01
5.550179782164248454e-01,4.736178369751433692e-01,-6.838429559157119808e-01
3.603453794272513111e-01,7.531537293774880348e-01,-5.503732074240276217e-01
-8.698818993680955680e-01,2.768515468343727415e-01,-4.082385358674136544e-01
-7.908435066051786588e-01,-2.163049593854977082e-01,-5.725196176600966247e-01
-9.204952190639713594e-01,-3.494071815444276252e-01,-1.749376265002773323e-01
-8.254595336628456348e-01,-2.132608636673556102e-01,-5.226244945589240132e-01
3.602926284776028498e-01,9.218206461032679710e-01,1.429542524112292212e-01
7.901053289422759196e-01,2.858102072868949350e-01,5.422601724150869495e-01
-9.846985045941183401e-01,7.335006846025111937e-02,1.580779001220079527e-01
-8.362165118618334336e-01,9.761638308554616839e-02,-5.396415356909842753e-01
9.372236129058402199e-01,-3.423351972949195687e-01,6.647188958328589803e-02
2.191571612460245233e-01,1.749662959266342632e-01,-9.598733947580261328e-01
4.653517925830377155e-01,-4.963734871696771078e-01,-7.328445062731709925e-01
1.816641095377823645e-01,-9.381751509081455165e-01,-2.946617340686149555e-01
-7.013224462841366469e-01,-4.533761807591607518e-01,5.500880520955452324e-01
1.633140685818615379e-01,9.188075371433179761e-01,3.593344190192054310e-01
1.620808258923907008e-01,-9.453049024509686538e-01,-2.830696862615365017e-01
6.713432409656773237e-01,-5.696755388831585831e-01,-4.740970715031716520e-01
-2.465277111126581988e-01,9.596439141243546800e-01,-1.353057490930880680e-01
3.863089929645974197e-02,9.560724849597143082e-01,-2.905736690109817499e-01
-5.413390803183731892e-01,3.688902314955072037e-01,7.555607171017092449e-01
-2.251184705047641899e-01,-9.725431947941763910e-01,5.900346173854327525e-02
-6.772374692541953678e-01,7.231874137765580413e-01,-1.354598641419165195e-01
7.712936431180792418e-01,3.244871274736909061e-01,5.475529382530182065e-01
6.528073602315274115e-01,1.724927605771854333e-01,-7.376237509570894302e-01
5.336386889693597313e-01,6.834940061194394456e-02,8.429460890656359506e-01
-4.421282493999846852e-01,8.139575877900786516e-01,3.768231101743382272e-01
-9.216463830871769458e-01,3.800918968964823175e-01,-7.809029681054145688e-02
7.802930956871692025e-01,7.979825484233360466e-02,6.203022838480060086e-01
-7.691527367294235251e-01,-6.113197326405457321e-01,-1.862585623962825510e-01
-9.585987224960144104e-01,8.220779946311104758e-02,2.726359604609088216e-01
-4.223518002904755320e-03,-2.378973764162398696e-01,9.712811128555670637e-01
7.125849624506366276e-01,5.619981958664966859e-01,-4.199770221476734067e-01
9.942830869330059329e-01,-9.455602243872147927e-02,4.960142799900341820e-02
4.568310668025934995e-01,7.559791648762722582e-01,4.688292638871624507e-01
7.050942282219339885e-02,9.220589165338991533e-01,3.805729571759045582e-01
-8.270196529862434698e-01,5.573584126898645241e-01,7.341725531745339761e-02
-6.377016438420224365e-02,7.826718702444362963e-02,-9.948907545905190108e-01
7.491629361761602546e-01,3.366136545542516845e-01,5.704788713243857945e-01
3.315554857754977047e-01,-5.689202016513393856e-01,-7.525960164691098964e-01
3.826306121038592911e-01,-9.237237804096845029e-01,-1.811607536599366131e-02
5.704177186175257708e-01,3.160580571665586036e-01,7.581101046597896742e-01
-3.462054137302832402e-01,5.538736750201792569e-01,7.572091940959806422e-01
2.189629267584065619e-01,3.337904351817027604e-01,9.168637750978070322e-01
7.034088587640142665e-01,2.927149771321612137e-01,-6.477143811703006682e-01
9.895084415213093454e-01,-1.857859073932995736e-02,-1.432755391691478142e-01
2.581037956999019944e-01,3.915769272152545000e-01,-8.832043595442462536e-01
-3.879204859572663033e-01,5.799345327462093191e-01,-7.163753445667389030e-01
-2.320249676599456246e-01,-7.412776266113789425e-02,-9.698811727140883576e-01
7.563025433782994966e-01,-3.667125650093238098e-01,-5.417825740495884057e-01
8.747419813533212629e-01,-4.735915207477262023e-01,1.026525086586867475e-01
2.615764634002131217e-01,-9.636465343642869330e-01,5.443446153620003225e-02
4.212386667712327837e-01,8.902781197935508706e-01,-1.730978192631376644e-01
-7.935400853529963605e-01,4.633610915778281769e-01,3.944497835590263790e-01
9.818089920771274626e-01,-4.151285720314596556e-02,-1.852775910986708130e-01
-4.404483349908393519e-01,-5.586182166707170937e-01,-7.028164427554499660e-01
8.005285154082154575e-01,3.983703171644791263e-01,-4.477222201550767888e-01
7.599631192485539755e-01,-3.727741408586171534e-01,5.324429521452301861e-01
9.342302973841336566e-01,5.998788552110946581e-02,3.515895405728951539e-01
-1.758258959189643728e-02,9.651551250015601990e-01,-2.610870299851478227e-01
5.450657312040357860e-01,8.294581607216325869e-01,-1.220758300373011584e-01
-9.350223402845788678e-01,-1.520437997149590714e-01,-3.203371757023940614e-01
-5.556912491200602933e-01,8.100807374903814528e-01,-1.870198770142545430e-01
-7.640231873446677868e-01,-4.693974179362343790e-02,6.434790049722232119e-01
3.911209969931624952e-01,3.806039717071273976e-01,8.379528521532910723e-01
6.452876605080142269e-01,7.052511590635488492e-01,-2.936403205208967249e-01
-6.298340351504447265e-02,3.418391536880640014e-01,-9.376455001158430225e-01
5.033250840056314734e-01,4.534702674302584779e-02,8.629064300237259122e-01
1.342723369814688428e-01,7.641167204616716724e-03,-9.909150074982646661e-01
4.466295279541080965e-01,8.126298032021774809e-01,3.743726321555584380e-01
-8.934376826493442003e-01,-2.378830955690211524e-02,4.485568231011484164e-01
-8.382554410045799376e-01,-5.080426209792431314e-01,1.980416897896965511e-01
-2.984072503845015545e-01,-7.659353596641125250e-01,5.694700499009304195e-01
7.253260528652997197e-01,6.883801376842738629e-01,5.907882583884582761e-03
2.895340132805085398e-01,-3.765261578161663847e-01,-8.799989247913191370e-01
6.010148457392437971e-01,-7.390515523083991400e-01,-3.042761216914309230e-01
1.017760935210247075e-01,-4.078116828106652381e-02,-9.939710876586054233e-01
9.661294539472417009e-01,1.059044314246571084e-01,-2.353255821627228406e-01
-8.558039071160746802e-01,-2.818801067021158291e-01,4.337548593508375183e-01
-9.984994835087972476e-01,1.850215762456440538e-02,5.154077605062964279e-02
-7.329219798199391178e-01,-4.091843016586877435e-01,5.435012224208082277e-01
-1.698318308392743892e-01,8.479226614721182553e-01,-5.021795589187396658e-01
8.797817943751299330e-01,2.609445967179553905e-01,-3.973561522485593023e-01
4.848235200200422534e-01,-7.247898038293786316e-01,4.895159800255215465e-01
2.256022236572630957e-01,-7.313383433979653292e-01,-6.436209009633062639e-01
2.804852954695276068e-01,3.563292802677687776e-01,-8.912673241229173149e-01
-5.672923846898157985e-01,7.077203299008346660e-01,-4.210834655006007177e-01
-5.457922182523963217e-01,-2.062513144039310187e-02,-8.376666750254515570e-01
-9.495917843565591099e-01,-2.862950718317759380e-01,-1.277128612449215384e-01
5.503195844890599320e-01,-3.141415493759201483e-01,7.736041894169682909e-01
-3.734273795156589637e-01,-9.120591108223281562e-01,1.694112469526500853e-01
-9.049221420265660676e-01,-3.734897221879687201e-01,2.040130983295075640e-01
-9.422448374378914471e-01,-2.601688060140063818e-01,2.109190809265198974e-01
-5.038061695553980313e-02,-5.712223321039264778e-01,-8.192477285540258336e-01
7.235825913620731464e-01,2.284724329556830358e-01,-6.513283203247480779e-01
2.624168746733109847e-01,2.871991172730007369e-01,9.212242131665346889e-01
4.690246900798077379e-01,3.386290810900525194e-01,8.156875538682977211e-01
-6.952889374460703709e-02,5.621266959268382823e-01,-8.241233588856871073e-01
5.954101469201141805e-01,-4.314671493331436736e-01,6.777336172796057934e-01
-2.032917763227977126e-01,-3.556445735398621744e-01,-9.122441509766840984e-01
-6.729528194254896789e-01,-3.429331463647404266e-01,6.553864203290025170e-01
-5.046046309880508618e-01,3.662714181815000525e-01,7.818052280515433994e-01
-7.802147407753204922e-01,2.567848045048917172e-01,-5.703740197907719578e-01
-2.343734371978601072e-01,1.518592907649364832e-01,9.602123972040931266e-01
7.204648047465744831e-01,1.813897172499104316e-02,-6.932542411166626728e-01
-1.814575771576059371e-01,8.633368786649501248e-01,4.708742736964434128e-01
-9.982919054483641030e-01,-2.020343937069971410e-02,5.481872448232463779e-02
-5.724116507488510308e-01,-6.966732317533109731e-01,-4.324249186221499341e-01
-3.704447729200006645e-01,2.941991552528760989e-01,-8.810320807239331309e-01
-3.978459343559949124e-01,-2.616141452239287846e-01,-8.793615021907419393e-01
3.947336994247597763e-01,6.073329651452602507e-01,6.894432362321858410e-01
-5.839681692152920434e-01,5.744125146766887458e-01,5.736126221816799653e-01
2.343026839307736295e-02,9.997156019974167140e-01,4.442707054384871339e-03
-1.033937443726880845e-01,8.741924772404668920e-01,4.744441446163826237e-01
1.660092812656109029e-01,-6.399447167355425403e-01,-7.502744018397146109e-01
8.382323667404912859e-01,4.519659707884542410e-01,3.051118820988202307e-01
-2.367157527229931668e-01,-9.148981277789624000e-01,3.269970461630136160e-01
4.466920535590698238e-01,4.878775019815806968e-01,7.499611672262731510e-01
-4.630072169218409361e-01,7.141960061806763571e-01,-5.249270252462359121e-01
8.926150075145114493e-02,8.973584011342445876e-01,-4.321808468655116142e-01
-6.606308253743196079e-01,-7.354635479408132559e-01,1.505333259300292714e-01
6.492204839514639225e-01,-5.466821790824691885e-01,5.288207241508880996e-01
-8.390191483324072053e-01,-4.871380516922315107e-01,2.423703515800954278e-01
-6.207865357922925931e-01,7.773791855681612128e-01,1.015168893553531765e-01
-5.068379697995551991e-01,8.109187079598882963e-01,-2.924484936704763172e-01
-3.631137227220792019e-01,2.501428219167787237e-01,-8.975394102848205380e-01
-7.857382138219168866e-01,-1.486527985458190315e-01,6.004313489687558292e-01
-8.520824443539898319e-01,3.485994999507855407e-01,-3.904278379647022623e-01
4.442710244001126796e-01,2.157021643481791262e-01,-8.695377123356903271e-01
-7.973323097884764399e-02,-9.921054794419880141e-01,9.679529709059703224e-02
8.635609446859642269e-01,5.030814247303057041e-01,-3.422827638678951900e-02
4.781319805606650819e-01,-8.673076439445327468e-01,1.384458736131884138e-01
6.445313672607527744e-01,5.714692966746267588e-01,-5.079391297933165683e-01
-2.229155418490579854e-01,-2.434450480067520406e-01,9.439508301829768744e-01
8.849562316941530504e-01,3.196830619558538311e-01,3.386077492973462721e-01
1.515280325260976169e-01,1.799869760576408295e-01,-9.719279519637225029e-01
-6.150250396167687011e-02,-9.064128727724475587e-03,9.980657711678382338e-01
3.679261590624998135e-01,-9.097333147842304735e-01,-1.923944839365524517e-01
8.857284926586425078e-01,-4.425750420559304010e-01,1.400441696103059408e-01
4.291388856357660209e-01,1.056075415574550536e-02,9.031767752256227855e-01
6.961155982053144342e-01,4.796292127155555307e-01,5.342086598372527417e-01
7.997810351699399245e-01,-4.329228376462550543e-01,-4.158462605661061851e-01
-5.216572549616870225e-01,-3.438078486329118610e-02,8.524621223127871739e-01
-1.430100530174509832e-01,-5.716028458933923861e-01,-8.079717267965015326e-01
4.877714780078742929e-01,7.725702225675277202e-01,4.064655415210184919e-01
2.984134430645582481e-01,9.070177806918052754e-01,2.970995834855174600e-01
-1.260307308242882007e-01,9.482957101806055444e-01,-2.912928096279694401e-01
9.275785246309821153e-01,3.563159061829997420e-01,-1.124146593838998009e-01
8.129095667681434101e-01,-2.152040545280494155e-01,-5.411702607973927215e-01
-4.023507953161857831e-01,-8.978984035150896492e-01,-1.785841383591675879e-01
9.619894207975945299e-01,2.625083953224217059e-01,-7.527082209432497950e-02
-8.628028185175584674e-01,2.372724131441180107e-01,4.464001549270833480e-01
2.262426895128626381e-01,-7.182276340137175863e-01,-6.579994765811320034e-01
9.322150546204303889e-02,1.438606511376561703e-01,-9.851973731053285110e-01
3.022552613094411922e-02,-7.693946326068155095e-01,6.380582394154398207e-01
-4.937272992259050808e-01,8.250395427196292042e-01,2.748510632107493690e-01
-1.237430598253521086e-01,7.033352790863643955e-01,7.000051002225378127e-01
-4.229912045186708935e-01,-8.394811031499855858e-01,3.411010383360443821e-01
-1.156606869912903124e-01,1.832898721384476071e-01,9.762312370827797015e-01
-3.979820560540451302e-01,-8.409964714448993073e-01,3.665176913550339255e-01
8.573248247645193221e-01,2.053218847991302165e-01,4.720562132469170447e-01
9.423775489407633099e-01,-3.245045906517649570e-01,8.137153002327893181e-02
-2.741631377870797914e-01,-7.510387762435339898e-01,-6.006457612081831376e-01
-1.604744358181015712e-02,1.065708635653056235e-01,-9.941756034994186919e-01
-7.636522366365202652e-01,1.716228523376857606e-01,6.223992754137144257e-01
-8.271985895028017843e-01,4.220040454248610851e-01,3.710189741369388505e-01
9.439078537121848855e-01,-3.270893780756796154e-01,-4.528247398852701389e-02
-1.120089301786611619e-01,9.925468427545669492e-01,-4.800796286214178976e-02
8.289317402084965813e-01,-2.503806659551776614e-01,5.001816591906935727e-01
-6.937423667305130381e-01,7.412803767673718791e-02,-7.163983267940696731e-01
-5.335553155714976015e-01,3.784516766547907363e-02,8.449180247277079392e-01
-9.920780563347413317e-01,6.879074324967959786e-02,1.051140513073229726e-01
-2.054000799758687323e-02,-5.778901412834220874e-01,-8.158560489932555893e-01
-7.154938292241547204e-01,-6.961084685811197437e-01,5.917415239616466427e-02
2.432799999645117450e-01,-1.578429547774109487e-01,-9.570268769707583889e-01
-2.306201019491670445e-01,5.968002535829078914e-01,-7.685335554810425185e-01
-2.567225680526870613e-01,-9.626651833929398272e-01,8.584443916452116907e-02
-5.022346323276944968e-01,-8.303198922238297364e-03,-8.646915235957408630e-01
-6.970438036002263305e-01,-7.043657220508512395e-01,1.341598504110367296e-01
9.005308394458446664e-01,1.454225534942151787e-01,-4.097517396450980343e-01
6.298819985278532041e-01,3.220510412179150017e-01,-7.067756325603015144e-01
-5.876404741815803856e-01,-6.355770379108008905e-01,5.007199836077840249e-01
5.578474000449401560e-02,2.868953255767312527e-01,9.563363084944817016e-01
6.541886045995477517e-01,-4.525479739445541494e-01,-6.060013208655368189e-01
3.699006929414667688e-01,-1.240348617827713440e-02,-9.289884987942790273e-01
-1.430194646005837622e-01,-2.866591680345911275e-01,9.472971836372566790e-01
-9.008425585859678453e-01,-4.007303292204693612e-01,-1.670266083087997289e-01
9.345402828629314484e-01,1.462226358001307014e-01,-3.244278047364850259e-01
4.974894284148089207e-01,-3.023593343474331729e-02,-8.669429375367426749e-01
4.919191575296991692e-01,6.274019654045226435e-01,6.036408835241471316e-01
1.940887630088581894e-01,9.505038206709578441e-01,-2.426356094302794253e-01
-4.573363750433313557e-01,1.080695724972139116e-01,8.827028988071212723e-01
3.293484676303923830e-01,-1.005090164644177192e-01,-9.388437167488887791e-01
9.595225078489078019e-01,5.145016186942179270e-02,2.768924660855781039e-01
-2.887594420488347469e-01,-5.343266330258878982e-01,7.944262293421986421e-01
-9.937924422389575463e-02,4.128584292279651180e-01,9.053572130562081988e-01
6.962450364809573689e-01,4.005953799139924665e-02,-7.166854837315640436e-01
-5.016998125334329317e-02,-5.116084193318239937e-01,-8.577527605608927797e-01
9.988413894576404495e-01,4.679219916373968807e-02,1.124138798151792101e-02
8.414136511425169829e-01,-1.458735660226374020e-01,-5.203306356604979754e-01
-5.985365969555971333e-01,7.934993392517937227e-01,1.100578970895765840e-01
9.189523800919908725e-01,1.803150024837039955e-02,3.939560738484154667e-01
5.232364036329278933e-01,7.046669098457312985e-02,8.492691630896321842e-01
1.172799577857368825e-01,-6.945140199571844253e-01,-7.098561034355395094e-01
4.708489703539413540e-01,-1.007507263113972262e-01,8.764419765531308304e-01
-6.574305129123927394e-01,5.177062289878769930e-01,-5.475083388943952079e-01
-2.894406140593425159e-01,2.515556371286064019e-01,-9.235496155387492578e-01
2.103329141325828711e-01,-7.070370363764042487e-01,6.751730847897943200e-01
3.100639103019492415e-01,-1.769363616573555453e-01,9.341059337418440300e-01
5.697753748089514625e-01,-6.270570957410159796e-01,-5.311830390196594642e-01
8.912191578413675153e-01,1.960918053942639627e-01,4.089943967265836089e-01
1.918702233452739825e-01,7.954951599886637137e-01,-5.747810607770970082e-01
9.242194282010677275e-01,-3.815341231011342149e-01,1.581649282047480412e-02
-4.479389168034970115e-01,2.856958979651867403e-01,-8.471886334806288943e-01
-3.140460123045995533e-01,3.375825005189346806e-01,-8.873630359097468556e-01
-8.361234505437464826e-01,-1.624025290781743736e-01,-5.239494193143376943e-01
-5.290357811837540503e-01,5.777466470090463213e-01,6.215544659135670003e-01
9.595904687834487801e-01,1.892039942019152488e-01,2.082978175545842636e-01
-3.423882839168005537e-02,9.993495607833636774e-01,-1.132068869207971881e-02
-3.583382664343140456e-01,-6.359380483381140703e-01,-6.835030983724660336e-01
1.894903265057291952e-02,-3.407580449293434177e-01,9.399600464793907983e-01
6.718924248078429473e-01,-3.482657091287127415e-01,6.536601298311777164e-01
-6.145628050342215598e-01,-7.253469168409882872e-01,-3.101361135013815384e-01
-4.767590175114207185e-02,9.905105331128039037e-01,-1.289026461512894628e-01
1.906692811006194255e-03,-2.599979729226936098e-01,9.656072796942941627e-01
3.655715814707347078e-01,-5.886066655628064970e-01,-7.210406452316128201e-01
-1.288259038840796067e-01,3.013813590240514012e-02,9.912091501054548504e-01
-9.441665854137295533e-01,1.461784198866959983e-01,2.952648447540059395e-01
9.755867192172581470e-01,-1.845991965345431529e-01,1.189692814373004004e-01
9.243063761568515169e-01,-3.763013931910941801e-01,6.367876002428699000e-02
