3.065615284913819072e-01,5.776373721681965501e-01,7.565415358879168384e-01
2.388776867103812873e-01,-1.111755375545004226e-01,-9.646644238497470436e-01
-8.528005382260624989e-01,-5.182854458791570362e-01,-6.412050055310766772e-02
7.252359396834893168e-01,-1.788116846680467553e-01,6.648753365989606978e-01
-2.479011884388049314e-01,-9.628498558701917842e-01,1.070754678784043012e-01
-4.855021606159773961e-01,-2.477789391710146782e-01,-8.383872907794486240e-01
-4.358035680927347388e-01,-4.939549571692752883e-01,7.523853735457253222e-01
8.161241179651763655e-01,4.027245787436322111e-01,4.144325490973489456e-01
-7.930147602834448639e-01,6.030580981618735015e-01,8.630480991216354925e-02
3.747553328948121654e-01,3.503405450665729171e-01,8.583821660247579199e-01
-5.093781219093629353e-01,5.505337612466674191e-01,-6.613973893565709972e-01
9.784767859521135147e-01,-2.029812447160173616e-01,-3.717248507105949673e-02
-7.897500214475945413e-01,-2.851184351093558611e-01,5.431412169816572932e-01
5.514301238431511543e-01,-5.170967047616864543e-01,6.546264709305087415e-01
-7.112909438387046146e-01,7.013318296099413374e-01,-4.689198213998516107e-02
7.747074230523801619e-01,5.246945511212230961e-02,-6.301391631598355358e-01
-9.347705028320182907e-02,9.287572828353943821e-01,3.587087267555209569e-01
7.953026316575598220e-02,-8.773755488416742909e-02,9.929637751215968366e-01
-3.305510971891215122e-01,-5.177303979423388824e-01,7.891078552349706232e-01
7.958508091793843331e-01,-5.741144516010975307e-01,-1.923904519233997079e-01
-5.113844742702932100e-01,4.364634002420092473e-01,7.402605080135502558e-01
7.932642955075424052e-01,2.637833765611501402e-01,-5.487714348642070972e-01
5.880796041096789661e-01,7.770204628439333350e-01,-2.245029611207899900e-01
-9.490572938726885566e-01,2.484472822771092992e-01,-1.938148623717171892e-01
-3.195982939295911596e-01,5.472697214286673661e-01,7.735326641614325149e-01
4.923030017429588789e-02,6.843289380388508647e-01,7.275096439961240558e-01
2.697860162673006434e-01,-9.607673553426318014e-01,-6.435521994791591760e-02
6.095609376013670644e-02,-9.699576641747233996e-01,2.355132360234131750e-01
3.307364660547441604e-01,4.938908929121674229e-02,-9.424298954726570976e-01
-3.703134971942676490e-01,-5.081698998192497596e-01,7.775803924440514159e-01
3.836092972670746004e-01,-5.490015255298391628e-01,-7.425908914174553788e-01
-9.651347265474240489e-01,-1.611320107369218491e-01,-2.062799910997317743e-01
1.665057645185294977e-01,-9.856074059114987573e-01,-2.922108475922699511e-02
6.559392870299510792e-01,6.476889556491678412e-01,3.876114916520533860e-01
5.834161318693483755e-01,3.096937069471756288e-01,-7.508098460675136643e-01
-3.798885378555622583e-01,-8.614901795279065189e-01,3.369263560230016386e-01
-2.706913989587000913e-03,-8.680636760425488596e-01,-4.964454924280706782e-01
-8.345520264262431542e-01,4.335396374617621063e-01,3.399504345303510644e-01
-1.896530581861782284e-03,6.360283313306532849e-01,7.716633753888394454e-01
-6.740392913777039086e-01,-5.284176680078824795e-01,-5.161838837237696653e-01
-3.945965966507419820e-02,-4.953053768734172468e-01,8.678222853207901988e-01
3.997020726029498761e-02,9.607068170724591960e-01,2.746721576026114331e-01
-5.326314923686900071e-01,-4.104769235462310539e-01,7.401434918805432916e-01
1.935314132839555945e-01,1.912715942330143193e-01,9.622685536334831813e-01
-2.525881895902649665e-01,-9.474504911688306219e-01,-1.963078532903215212e-01
3.567036175520815755e-01,9.236785519171338832e-01,1.399302038643740753e-01
8.903925661660565538e-01,2.767686549557871745e-01,-3.613864825227821043e-01
-8.353133096713236672e-01,2.071686198519237798e-01,-5.092473246219251237e-01
9.991514469122472208e-01,-1.142064601824144439e-02,-3.957214901529881868e-02
2.927520180133691974e-01,8.307366829513679329e-01,4.734689214172966287e-01
