-5.127628872451431841e-01,8.569879903961203915e-01,5.143739671526306734e-02
6.586432531497483645e-01,2.270582096497097274e-02,7.521126981873281769e-01
-5.459658784506175033e-01,-5.194639184704522572e-01,6.573267809658820404e-01
6.988928878020392865e-01,-2.458257926316932962e-01,6.716534903182788119e-01
4.338326291865954865e-01,-8.813373061904351546e-01,1.871731887050946397e-01
4.299976734186257699e-01,6.252222107981946289e-03,-9.028083465350116299e-01
-2.737960343221294002e-01,9.573385367506633825e-01,-9.240485724015845559e-02
3.974288738592163250e-01,-1.076185254654382500e-01,9.113004681221443803e-01
6.103504193461872784e-01,-6.158959132409874693e-01,-4.981411342752009030e-01
-1.697582192069486129e-01,9.586979673567768145e-01,2.282112056794537991e-01
-4.349318368976812232e-03,-9.978378913719837540e-01,-6.557915806137235015e-02
-4.712561819807661867e-02,-2.243695815611763400e-01,9.733639951115471423e-01
-5.257125670833457942e-01,-4.815370025892281025e-01,7.012477536135288680e-01
-7.497370170893215002e-01,-2.896632535873156500e-01,-5.949702553298079621e-01
-1.144313492278946631e-01,9.334379200739086890e-01,-3.399986995298344694e-01
1.305104800251994379e-01,-9.439930311325965828e-01,3.030580336778501138e-01
9.817706993242587554e-01,1.896822353424381935e-01,1.212202721708007663e-02
-3.209074173820419817e-01,-2.179637544149022887e-01,9.216887930481458824e-01
-6.682452075780085377e-01,-6.730890961337847589e-01,-3.168586612589735507e-01
-8.518188246242298645e-01,-4.085073897403793119e-01,3.279121872442334329e-01
2.207571443481686768e-01,-1.424667785147337162e-01,9.648676076223492437e-01
9.737492669567127113e-01,1.684589845988069545e-01,1.530814672297198809e-01
-7.054373133067530777e-01,-2.945398965383733136e-02,-7.081600521690148975e-01
-8.299793877713629309e-01,3.059068517617782312e-01,4.664281444337066707e-01
2.694646628855791870e-01,-7.617124217444382062e-01,5.892223536290728259e-01
-6.419457492875785265e-01,7.428676025652131143e-02,-7.631429304017691706e-01
8.614882514648225520e-01,-1.965189337146741044e-01,4.682075408189516619e-01
5.636006799813710888e-01,-7.304158582507415121e-01,3.858068785550208268e-01
-3.525584232674269791e-01,9.298524426119839648e-01,-1.052472952227898328e-01
5.800760325020708486e-01,-5.824168583698176027e-01,5.694755478537142368e-01
-8.010421470130746346e-01,4.180077322213317514e-01,-4.284868895448998849e-01
3.229300195545358187e-01,-9.170941448321472400e-01,-2.337830874659234115e-01
1.397166143251149795e-01,9.868344607495358467e-01,-8.146787562407696581e-02
-5.056323819701883382e-01,-1.413759463564644436e-01,8.510867970395072923e-01
-5.054230662828935738e-01,8.531859921620001952e-01,-1.289231819640724030e-01
-1.248130035918542380e-01,8.380347322419343659e-01,-5.311492273274706077e-01
1.424949962289249195e-01,3.351581430121557820e-02,9.892279142045300455e-01
-6.181510238002844299e-02,-9.917329930126193016e-01,1.124480488402459510e-01
-4.386879690831318457e-01,8.142090168131015382e-01,3.802848178956919623e-01
-7.404267873647435438e-01,5.117563655005566980e-01,-4.357448736616252316e-01
-7.598285536165997334e-01,4.883222458443332581e-01,-4.291875502882773752e-01
-6.525906354733282400e-03,-6.212589147133412704e-01,-7.835781859109213210e-01
-8.857139872418023918e-02,3.167231973334674322e-01,9.443736144127002907e-01
-4.304984263125449795e-01,-2.204613065137787931e-01,-8.752530589907469016e-01
-4.267536250740830428e-02,2.943743238010590457e-01,9.547369118880503214e-01
-7.495670231207686163e-01,4.232371623731567833e-01,5.089396646324468865e-01
-8.921561563297608632e-01,-3.851384516256695645e-01,2.360630547169312865e-01
-5.119610927791449217e-01,-3.975276025108148148e-01,7.614904101315966845e-01
-2.332420897825259465e-01,3.634030835201471077e-01,-9.019624861611090783e-01
1.553466516179536905e-01,2.155241649778468216e-01,-9.640626287444669096e-01
-3.335352272879996693e-01,-9.323500030575333497e-01,1.395626166154819714e-01
-7.193812952754202739e-01,-6.160976525793048220e-01,3.208024851744898376e-01
-9.603768741657262575e-01,1.464114458065781943e-01,-2.371496323094265113e-01
4.582545058701215646e-01,8.380833100405018499e-01,-2.960053602239106074e-01
3.191294287300570631e-01,8.830823123212100390e-01,3.439797049011067420e-01
4.233154941363838075e-01,-7.829417993915070983e-01,4.558575777473247714e-01
5.565423704221317269e-01,-7.059820630203547664e-02,8.278142806160387890e-01
-1.996501540737942726e-01,3.447894309099971272e-02,9.792604446528195838e-01
-5.235168095287742185e-01,7.543171019398894339e-01,-3.961513093021650778e-01
3.250761685359186970e-01,9.453884931025720029e-01,2.379247274360425657e-02
-6.006374145213474458e-01,6.617278415184287832e-01,-4.487214726714918167e-01
1.312713210664166741e-02,9.826997997785837935e-01,-1.847397681003902226e-01
2.458612699512717215e-01,2.455373493808814533e-01,9.376905918249146543e-01
-3.413886801920943959e-01,-8.357727417903482170e-01,4.300438269722566820e-01
5.562982427073874803e-01,-7.727161600194422109e-01,-3.056828441464792823e-01
9.171833734482279787e-01,-2.270195677002541657e-01,-3.274702663621821275e-01
4.413443787404008889e-01,2.190001134203415079e-01,8.702034760193313456e-01
-2.562187424498262311e-01,-4.463673688492430514e-01,8.573844692108864018e-01
-3.450171218325123190e-01,-9.374993802037230317e-01,4.536626235480169245e-02
2.064750897929065743e-02,9.736889508317492226e-01,2.269438419546062624e-01
-1.541871047641173997e-01,6.602864162269185266e-01,7.350157721237494668e-01
-9.576978646876308510e-01,-1.232781805510096695e-01,2.600332482064262596e-01
5.554060441052519059e-02,-7.616494825085493581e-01,6.456046058201359017e-01
4.577095394662191175e-01,-7.855689706505432079e-01,4.163932874490988700e-01
5.846498828728272645e-01,-8.062156074922501858e-01,9.055886865841050737e-02
7.961906793664663695e-01,5.525525918914855339e-01,-2.465076779412072594e-01
6.553670652987405587e-01,-7.316809694806254427e-01,-1.874485759391319173e-01
-7.573975540688846486e-01,-4.079051927133715005e-01,-5.098649809978502701e-01
8.663476024533192099e-01,1.330436548526373886e-01,-4.813950743691071121e-01
-1.710327454374999667e-01,3.423918561107276437e-01,9.238590892864355641e-01
3.624903243726627228e-02,-9.796389184658085281e-01,-1.974679646790913345e-01
-7.287285499740675521e-01,-6.768761320456853081e-01,-1.038913004999199585e-01
7.149325983421624953e-01,5.374361619257691514e-01,-4.472513294359475866e-01
3.468453359397075664e-01,-4.328285359852358516e-01,8.320803875670599314e-01
-8.936974122297356438e-01,1.562102456671949358e-01,4.205987333819117269e-01
-7.533927711330757893e-01,-5.267432419400791543e-01,-3.936253161000699552e-01
-7.581982176972354992e-01,-6.284431533702142803e-01,-1.737661234614982508e-01
-7.020015525846157178e-01,-1.842447515595009855e-01,-6.879300049362336855e-01
-6.020675010374066938e-01,-6.703199578532786918e-01,4.338039629811501485e-01
5.779438511598337103e-01,-8.078580958295438208e-01,-1.155257629674166647e-01
-2.842297335725204113e-02,-2.417820992400859792e-02,-9.993035318412535339e-01
7.258013897140442872e-01,-6.122944982106730549e-01,-3.135407312457226814e-01
5.904378300460384477e-01,-2.383941172465446900e-01,7.710716008988828252e-01
-1.668737595163768128e-01,9.422556141281963615e-01,-2.903575485995948946e-01
6.625822397385823237e-01,-7.385786825507664188e-01,-1.244439844451241950e-01
-7.966345509554593196e-01,-5.628770043184818661e-01,-2.203244658076944085e-01
3.201289448069959409e-01,8.106135154518917529e-01,4.903296720202486858e-01
-1.766211213002427116e-01,-3.166363556641125787e-01,9.319583669791234870e-01
-5.340109891279293253e-01,2.355417448455408014e-01,-8.120051415636041492e-01
1.798031938965366783e-01,9.601225510290767318e-01,2.140922662545804434e-01
9.986573263654437982e-01,-3.104082770115689296e-02,4.147302149892991702e-02
4.067018650862468387e-01,-1.917904193286067427e-01,8.932021204571369832e-01
7.877622191062375046e-03,-8.073605465516499047e-01,-5.900058397511299679e-01
-8.242434733785359846e-01,-5.050855403486300688e-01,2.559517406145524476e-01
7.220761871412715305e-01,3.638523571932733014e-01,-5.884024491183073025e-01
6.330367520823184657e-01,-7.665944768455911218e-01,1.076911258317236886e-01
-2.722027412381449185e-01,6.417538867306942230e-01,-7.169781143999354178e-01
2.441001061089553559e-01,-2.492590211540028078e-01,9.371686500150040455e-01
-8.518885473158802624e-01,-4.834925389749116231e-01,2.012979575346773575e-01
7.466943416509684850e-01,3.411998612894907579e-01,-5.709905557909511487e-01
1.704338684452423036e-01,-9.467813335936218211e-01,2.730520149082826253e-01
7.071483565449044884e-01,-5.699077157943210903e-03,7.070422351991343390e-01
3.580152024648559639e-01,-4.936419942975742159e-02,-9.324099370012672860e-01
9.769712599412754273e-01,1.434994799231529283e-01,-1.579083801149938071e-01
1.684946492562065107e-02,9.918630386784756947e-01,-1.261895718164579017e-01
5.193992801802275183e-01,-4.813469765754179175e-01,-7.060661979516971165e-01
3.219362206382581776e-02,-6.006006264531650596e-02,9.976754780856609273e-01
9.290747263937968459e-01,3.689387439958928816e-01,2.653970525504331657e-02
-2.579913113034497663e-01,7.764507388158553569e-01,-5.749475919457691653e-01
-6.371387416325320352e-01,3.661968852437427757e-01,6.781991338454324003e-01
-3.416662322826762299e-01,4.329828062655547427e-01,8.341403210468639751e-01
8.747633330503562510e-02,-1.368549376477402046e-01,-9.867211445757813060e-01
1.513215850059383971e-01,-9.645616862336774400e-01,-2.161539529162841422e-01
5.409227875590024714e-01,-6.503798568738714536e-01,-5.332997090493494241e-01
3.851461076769200909e-01,9.106651470356577072e-01,-1.495040658839822956e-01
1.554647636291701107e-01,-3.530834424575624020e-02,9.872102248742916641e-01
6.772712998669179196e-01,2.087592868010620106e-01,-7.054949656453172180e-01
8.794314883915732572e-01,-2.551343700100749401e-01,-4.018789748978470744e-01
5.530881469368236214e-01,2.612205610593346106e-01,-7.911114461299599832e-01
-5.565482161806762917e-01,5.789260468996321185e-01,5.959015986614502047e-01
-8.680068591921256127e-01,3.472107325380644482e-01,-3.549771818100453391e-01
4.992514385200630955e-01,8.627132931233538748e-01,-8.045977258174069613e-02
-1.412736937491841649e-01,9.697596023224892559e-01,-1.990177307623347547e-01
-2.517929814836029623e-01,-8.483490918494834832e-01,4.657296563820633173e-01
7.205692008434737561e-01,-5.578587550240002857e-01,-4.117931959599016034e-01
8.771866305999619084e-02,-7.575369211376468126e-01,6.468718955591294950e-01
-4.162563569036523137e-01,5.104421110534625994e-01,-7.524489993352265760e-01
-5.511175609443209611e-01,2.652360453479073454e-01,-7.911506015083258347e-01
-5.524226677204158165e-01,6.865179509384063961e-01,-4.727814497502952351e-01
-2.005298335216590400e-02,3.437579124313826506e-01,-9.388441699768367288e-01
-9.163397265788505441e-01,1.765436512933056257e-01,-3.593798056115906081e-01
-7.988663245431661952e-01,-2.587330581891842396e-01,-5.430191526189152018e-01
1.153167065207026665e-01,-9.725905611446516996e-01,-2.019149760903080904e-01
3.896543219215364284e-01,5.667537941122657852e-01,7.259198621523033079e-01
-8.510351559502047358e-01,-8.299095874572358367e-02,-5.185090781300518703e-01
8.138738285470750733e-02,-4.535955091823586915e-01,-8.874836381374353600e-01
-5.765592217616103410e-01,2.553861961347952403e-01,-7.761168434104790403e-01
4.676530845449882179e-01,-4.923218516942479139e-01,-7.341115629520522656e-01
-1.756977338347875950e-01,9.671579546002029293e-01,1.836730714581533142e-01
-5.729215768167466027e-01,-4.972077984393882821e-01,6.515713867174258711e-01
-3.647928388579817494e-01,6.228587725348045945e-01,6.920788496944341173e-01
-5.647452984790812813e-01,-8.230816536491446511e-01,5.999449368035997959e-02
-9.021547287053664765e-02,9.086282987992169158e-01,4.077447523586127942e-01
-4.684177854986711909e-01,-6.714519407548904528e-01,5.742273674120836890e-01
1.819712464843634692e-01,-1.154699855297866978e-01,-9.765004597513909923e-01
8.329734300295799088e-01,-2.361456662037020315e-02,-5.528088431891159393e-01
-1.399776289383278527e-01,-4.228153358789081828e-01,-8.953398545482100790e-01
-6.335136469619988553e-01,7.574790901686965228e-01,1.577526135127758078e-01
-6.560375099446172364e-02,-7.108365449459748131e-01,7.002910496534464624e-01
2.115564464426382962e-01,7.245581978993365091e-01,-6.559415277487994356e-01
5.458525853640415759e-01,2.161894312198512635e-01,-8.095103982533079501e-01
-7.805004286394366941e-01,-1.113575162463084078e-01,6.151573656139612822e-01
-7.677715498261948879e-01,-6.340542689215966643e-01,9.220646040154824308e-02
3.405188638638056986e-01,6.667118308974477880e-01,6.629798171092962100e-01
2.938141849233639191e-01,7.838490868376868370e-01,-5.470409800019959690e-01
-1.230051113178607380e-01,-9.921121030829778142e-01,2.415196691682212904e-02
-8.490718019805471029e-01,3.987016969695695856e-01,3.465747133232489618e-01
6.991466216376884812e-01,-5.511018590706973086e-01,4.555005404842326633e-01
5.493386692333116494e-01,7.390443549705228987e-01,3.899236692882059874e-01
-1.207129698591938721e-01,2.930083320661057145e-01,-9.484590113692903390e-01
1.646723812620828897e-02,1.795234956130039028e-01,-9.836158521452276204e-01
8.162595793467350980e-01,3.710284187315502913e-01,4.427846108643073153e-01
7.425353924359123781e-02,6.774794724727976059e-01,-7.317841049707080048e-01
8.379740570371072006e-02,6.918994277855295971e-01,-7.171144794434042291e-01
-9.640756695394232523e-01,2.066993945928891629e-01,-1.668336407234630170e-01
-2.510217682895331537e-01,-8.916641453400051542e-01,-3.767268556393004730e-01
-1.435499099065184470e-01,-5.958694408940328202e-01,-7.901474753325882228e-01
5.997154947299307981e-01,-2.498171897307716327e-01,7.602188481587743851e-01
-9.381743374364164278e-01,1.370565639241271283e-01,-3.178748352119948883e-01
-4.081003678981866556e-01,-3.154024691590031626e-01,8.567236264804236612e-01
8.422843923291735424e-02,-9.882028468282235689e-01,1.279089658506418203e-01
3.449848072850907887e-01,3.674587896972390522e-01,-8.636894815943454429e-01
5.436132761569221206e-01,-5.269019482743219074e-01,6.533444289887695433e-01
9.534573974680335406e-02,1.645305213555247337e-01,-9.817529717065358597e-01
3.263563271383033704e-01,-9.433007671900777158e-01,-6.062351322224264483e-02
-2.231512461151711202e-01,3.707119006192884925e-01,9.015410185324241876e-01
9.725576988320209226e-01,-1.263179531100479813e-01,1.953849972865148166e-01
2.319679655057715340e-01,-5.902237625008487087e-03,9.727055189368110089e-01
-3.163585846254877709e-01,9.182751774683696189e-01,2.380923022258218114e-01
-6.931933698108311281e-01,5.659434905967790641e-01,4.463080970601335795e-01
-9.124063942252966242e-02,9.208688049264621700e-01,3.790458940960542145e-01
-8.426495049385152036e-02,9.531609797495235181e-01,2.904884934058448165e-01
-6.568626168464750670e-01,1.615864411041239568e-01,-7.364925828824786525e-01
9.645711159515940603e-01,-2.035432695444740203e-01,1.678472510797898998e-01
2.450614151386617257e-01,2.762467160800605864e-02,9.691139150423887516e-01
1.555168888783760861e-01,-1.541398559560006043e-01,9.757332637967480737e-01
-1.935733325815871403e-02,-9.843913834012646413e-01,1.749254067723653439e-01
-4.360947217794273190e-01,6.616471234631597920e-01,-6.099544881784624284e-01
5.681978631440375294e-01,-2.044195956191225405e-01,-7.970971190798922246e-01
4.482186954656075528e-01,-2.341002442415396900e-01,8.627265364419716143e-01
9.400219984474064150e-01,3.206280673871079734e-01,1.164314598317500310e-01
8.079306623526592013e-01,-6.785771104168075718e-02,5.853574770023670659e-01
-6.807330734889034396e-01,-1.984141909354274480e-01,7.051484180609011165e-01
-4.607857220025530220e-01,-8.070949864554295416e-01,3.691533573423054770e-01
-4.496565956782283546e-01,8.722705896985223362e-01,1.922315382814659968e-01
1.944665742930396513e-01,6.116278267836023907e-01,-7.668729705672885366e-01
-6.903948684141075764e-01,7.035374316760654168e-01,-1.684933467473196667e-01
2.296602459019001785e-01,-1.937701622279525138e-01,9.537868187820753851e-01
-8.774593712089738540e-02,-3.486395155941015567e-01,-9.331404710358914834e-01
2.104664670932778203e-01,9.767625310849589182e-01,-4.048239244139357346e-02
8.064081142509615940e-01,-1.572603822202562340e-01,-5.700658957121949033e-01
8.036447609330339414e-01,-4.679670525513788815e-01,-3.676437622907017255e-01
6.501500678163565361e-01,-3.052007518304706846e-01,-6.958141924396932243e-01
9.000832167808947570e-01,4.698444916062591292e-02,-4.331774052353484228e-01
7.857945465603629609e-01,-3.309127647971244479e-01,5.225166721649333601e-01
-7.200657736273079479e-01,1.735921810877539273e-01,6.718415261917820569e-01
-4.189503800307987080e-01,4.791372367174004387e-02,9.067440951867056231e-01
-6.615916335108570356e-01,3.058724094633891166e-02,7.492402359455384575e-01
4.189258524561885466e-02,-5.401805847695033691e-01,-8.405057686533247141e-01
7.209037256082873046e-01,-6.835693878251621891e-01,-1.141521372223245900e-01
9.721432270721223068e-01,-2.182140632488772103e-01,8.555798418742278921e-02
7.714976241053552730e-01,4.901150128667530748e-01,-4.056829922025502744e-01
5.521985884546648515e-01,7.141456488640292033e-01,4.302007800053948561e-01
-1.170891661453430654e-01,-5.238653444772340961e-01,-8.437151344068309911e-01
-2.903341506781542680e-01,-1.725389838784062713e-01,-9.412419348882633541e-01
-6.791749957642603253e-01,4.290230517445504099e-01,-5.955338329603194758e-01
5.609164812417312129e-01,-2.599365862878295075e-01,-7.860061527624475630e-01
-3.422198589840249605e-01,-1.067577629106184200e-01,9.335354027433957480e-01
7.831615900014599063e-02,-9.891196345725237205e-01,-1.245348454954712525e-01
6.891029999136260020e-01,-6.807330208664990057e-01,2.484745657245658046e-01
-5.418637290638142479e-02,-9.576127978792913220e-01,2.829161825153271859e-01
-6.409944938405077730e-01,6.862507480523825087e-01,-3.437818634886026792e-01
4.173830993053893046e-01,8.574790689669130606e-01,3.008670714748679642e-01
-5.431448769654961817e-01,4.886948737234873830e-02,-8.382156141650547454e-01
-7.422062812148941813e-01,-4.053837545701431955e-01,-5.336607983127217292e-01
5.428760706276232195e-01,-7.873069500773702822e-01,-2.922898190149310071e-01
4.624174069345942106e-01,8.861627816104545863e-01,2.976014536771536684e-02
-1.551303281640987741e-01,9.557308474749809379e-01,2.500262555581988511e-01
1.026197803244665585e-01,8.164858137252548609e-01,5.681725940870137048e-01
8.992336038479422644e-01,-4.261813135544926245e-01,-9.873405535887364026e-02
5.865091477245223395e-01,4.711674279770251550e-01,-6.587930437162865527e-01
-7.224588927516726322e-01,-6.853861033553898530e-01,9.109905384438532483e-02
5.123187397423722977e-01,-8.587397292001187621e-01,9.776829859127617040e-03
3.213124394454084376e-01,6.858301219719055153e-01,6.529895558534164479e-01
-5.485336591539826667e-01,7.621121818513957313e-01,-3.439416332008204957e-01
-2.582109949218264200e-01,7.210789425790334883e-01,6.429403087928019511e-01
-2.223665971170361855e-02,6.561373227692325338e-01,7.543138237060819096e-01
-4.227140166475829575e-01,-2.208556762227550374e-01,-8.789400607606053795e-01
-3.291656100333623103e-01,-6.932770011308743152e-01,-6.411060761483595716e-01
-8.700879093668036912e-01,4.928807735675012069e-01,3.946266742934009808e-03
-2.864840918069402331e-01,-9.327601915956329481e-01,-2.188270781142735710e-01
-8.658024793639540473e-01,-4.092372339116514546e-01,-2.879426212070217428e-01
-1.123304796129025174e-01,-7.002531755503624833e-01,7.050016691338882868e-01
8.019778240190194030e-01,-5.960366414112785449e-01,3.964709165729271567e-02
-8.386635438713929691e-01,-3.453753473901045590e-01,-4.211405105142946859e-01
2.083104113122160039e-01,-4.667819579191501700e-01,8.594890204651252086e-01
2.619405644240152542e-02,8.082074789682098803e-01,-5.883150026532918409e-01
4.113983197323717866e-01,7.769986930699366301e-01,4.764708317294895634e-01
2.198545815586859797e-01,-9.755110300280442903e-01,6.495634016721513193e-03
-6.738705154157270671e-01,3.751837286574192243e-01,-6.365027087169847775e-01
1.795851311316033483e-01,-5.817579415615926619e-01,-7.932886474080311778e-01
5.413803613406789061e-01,-7.395833046193714955e-01,-3.999047885221251875e-01
-9.575116438110328199e-01,-2.539466979238640398e-01,1.366840392286523265e-01
2.306492000580917245e-01,8.393527432678118405e-01,-4.922275072376192662e-01
-1.169172308427448570e-01,-8.582162288766306268e-01,-4.997952236915022550e-01
-6.470445571386085337e-01,7.533236441651787185e-01,-1.176300481127046105e-01
5.091040044142081111e-01,-5.993401071190643803e-01,6.177414901784775703e-01
7.527797686002245525e-01,2.209270178905957116e-01,-6.200918260646244295e-01
-9.251721003227635354e-01,1.544840391198560869e-01,3.466861209243615183e-01
-4.936308184823126055e-01,-8.510429532378686046e-01,1.790377244846708682e-01
-7.327144384792497744e-01,-3.306556006158024585e-01,5.948078895117653309e-01
1.057191776965918650e-01,-6.398219621715366401e-01,7.612169941548344587e-01
-1.969817993957102276e-01,-5.511988915967438452e-01,8.107884758735468544e-01
-8.002305249899656081e-01,-2.196023674011322036e-01,5.580375499069059053e-01
-2.656177747012882784e-01,8.708812694688796707e-01,4.135371957285197131e-01
-6.911316367524649174e-01,-5.220595981825084664e-01,-4.997907928577481340e-01
5.981685708583589500e-01,7.239376339928793591e-01,3.436694093544846451e-01
2.642780380377599547e-01,5.603716393032025234e-02,9.628171970159021820e-01
1.936520726317302876e-01,-1.528930574724623459e-01,-9.690833750210334774e-01
5.826455952056616150e-01,-6.322597610853355476e-01,-5.106581095995195163e-01
2.123913170420316243e-01,9.707955134770203109e-01,1.115616397245926261e-01
7.602903158158141883e-01,2.129217956589392891e-01,6.136961337747387502e-01
8.902664955888135445e-01,-2.639602846653916757e-01,-3.711475918706447774e-01
-3.773801346889686381e-01,4.019835479870875750e-02,-9.251855631242917877e-01
2.273707595056342623e-01,-7.559866377721379260e-01,-6.138295701836213869e-01
8.981713236159012403e-01,-3.879138599916216457e-01,2.069084596155043865e-01
-5.772357643869358013e-02,8.293732743020406639e-01,5.557049222353881435e-01
-4.236201663365440351e-01,-8.681913452264141684e-01,2.584371156528186275e-01
-4.076138088323780773e-01,-8.585903011820360531e-01,-3.109239096070000596e-01
-8.757981065347369976e-01,3.375007258769908702e-01,-3.450665683932213623e-01
-5.769895178576951444e-01,4.889624542972579313e-01,-6.542161833598634235e-01
5.004851824555586193e-01,-4.319536124896632967e-01,-7.502870509342114413e-01
-5.322509020244620137e-02,2.047544335450746933e-01,-9.773651885127568884e-01
-4.025107466570225223e-01,2.535376565783837854e-01,8.796043175896465227e-01
-6.629400451440455033e-02,-5.834014966819323078e-01,8.094737788432219139e-01
-2.261725650798950271e-01,1.273980401728329326e-02,-9.740039364390589149e-01
-3.708396508062354879e-01,-6.431495345979150180e-01,-6.699527069401204349e-01
5.233587293122706763e-01,1.905506132219613458e-01,-8.305336262026838945e-01
-2.134062268796565742e-01,7.026648567244178079e-01,-6.787634944908588208e-01
-5.901453586891587388e-01,-1.624895594693088752e-01,-7.907753149163888606e-01
-2.541004813993149591e-01,2.630241261735248859e-01,9.307261973337217498e-01
-6.774179739831704961e-01,-1.554664458789737080e-01,-7.189819696837302931e-01
9.844753492222270141e-01,-1.698942268038619308e-01,-4.409351962014530779e-02
7.385333852037277991e-01,3.425580384552032731e-01,-5.807085579094265482e-01
-4.869931864532208721e-01,-8.690979177890049145e-01,-8.663974632323469260e-02
-1.619819038754244378e-04,9.129464880625931533e-02,-9.958239105691348847e-01
5.933536577801405976e-01,-7.044316572154222245e-01,3.894964404351619613e-01
-7.955160555920333110e-01,5.420365742930768338e-01,-2.708330803722444058e-01
-8.683114008268735251e-01,7.169530551273264884e-02,-4.908106502119820025e-01
-9.460870322316348169e-01,-2.720534515485256710e-01,1.758017262249488566e-01
2.833634410161095518e-01,-6.708511878564624720e-01,6.853202492609443697e-01
4.536754313285106255e-01,-8.885818547309384252e-01,-6.782986401147655942e-02
-2.322705859526800753e-01,8.872902909210717004e-01,-3.984549090404059801e-01
-7.293434775174139073e-01,5.765652759600724264e-02,6.817138817923369398e-01
-5.408006855271283442e-01,-8.018207642969330529e-01,2.542008663944128610e-01
1.639603772939624005e-01,-4.497699509489957448e-01,-8.779658227408168036e-01
-4.256073096954310353e-01,8.961447829837427825e-01,-1.256301948770202348e-01
9.312759634229647032e-01,9.090049652103232569e-02,3.527919779173820380e-01
-5.880942379573032008e-01,-4.825378438237696854e-01,6.490781128333676930e-01
2.979075063630955422e-01,-9.149629746550841380e-01,-2.722018968759072344e-01
-3.385480241474015939e-01,8.585204109255524241e-01,-3.851336642908684271e-01
-4.446590076708334949e-01,5.364289806892342805e-01,-7.173021089986411081e-01
-4.991458315283593683e-02,-9.152571584933855142e-01,-3.997660168339631781e-01
3.230419244139079438e-01,8.166836103668839719e-01,4.781963985948352591e-01
-8.944129833580115596e-01,3.139540619334418858e-02,-4.461387045197672818e-01
3.936937299280971470e-01,-4.611382406014968294e-01,-7.952086330456041852e-01
5.654705174974508641e-02,7.018859879687375791e-01,-7.100411895316783850e-01
-2.960494236242744992e-01,-9.549939405351046684e-01,1.847463972497495610e-02
6.335816269450252891e-01,-7.101220223165934931e-01,-3.070847365446324750e-01
-1.878434023029039446e-01,-4.096593013556047436e-01,-8.926892589384657350e-01
6.212856786263956099e-01,4.679050846114918283e-01,-6.285450956999436567e-01
-9.513347968441157043e-01,-2.423253012337062695e-01,1.903695161930038515e-01
9.451853955786830852e-01,-3.018733515256860067e-01,-1.244871383855296193e-01
4.336506835583903707e-01,7.616551503478221630e-01,4.814857387275112699e-01
-4.727865271256686541e-01,2.516782583305398613e-01,-8.444708130256222134e-01
1.989598476537628724e-01,8.034285348734857557e-01,-5.611751672808013014e-01
-8.090724842584972043e-01,-3.976542271184983490e-01,4.327503100756528442e-01
7.105625681781240210e-01,-4.556805443816911994e-01,-5.361493058618228558e-01
4.300809555042908183e-01,-6.351595040334194753e-01,6.415627608804432835e-01
4.795726425969794593e-01,2.546841715827554142e-01,8.397297501087809257e-01
4.846209342743710291e-01,-4.873411975371322313e-01,-7.263890880555061713e-01
5.346077733219757322e-01,8.320275293811272288e-01,1.480699802649309837e-01
3.716280936024020098e-01,-8.765803049493575694e-01,3.057769268933410167e-01
3.752349161213267559e-01,6.964472848760522306e-01,-6.116861426517652411e-01
3.546599148323273387e-01,7.853485541968022732e-01,-5.073893901453975230e-01
-8.293561572729308828e-01,3.582019379444133511e-01,-4.287886846062329282e-01
-6.451489650694289257e-02,3.746417008456732201e-01,-9.249223881581412066e-01
2.335584147179298881e-02,6.009872647856333572e-01,7.989172749632013071e-01
8.024934933098331058e-01,4.935141180996006072e-01,-3.353326832143779801e-01
-3.153215216795024478e-01,-6.406146336149864950e-01,7.001322940445328102e-01
5.970565040306522464e-01,-8.475006146430641429e-02,7.977098207221045012e-01
-8.965484126401745968e-01,4.160531161861782956e-01,1.519893032557016466e-01
-2.256257748838887689e-01,8.651007024863657247e-01,4.479885983656736737e-01
-8.105592027975676572e-01,-4.840222890813925538e-01,-3.297214012353159029e-01
-8.571065820664438561e-01,4.082357880630173019e-01,-3.141844176959536772e-01
2.060593540127497181e-01,-5.841071736856198182e-01,-7.850849331587288482e-01
-2.159290350267428771e-01,3.499832810010284900e-01,9.115296785361266529e-01
-7.015272294215206816e-01,6.160397698019443036e-01,3.582660302101398631e-01
2.674536185855575510e-01,9.634069551924349106e-01,1.776515106417107803e-02
-9.389114453755620371e-01,4.368499785028817639e-02,-3.413750411286588515e-01
-8.398003482893197369e-02,-7.251676443357844004e-01,6.834319581045508185e-01
-8.517652429337724262e-02,5.519718835156997017e-01,8.295010545607705010e-01
7.093283105954379941e-01,-6.075637491282154246e-01,-3.573788445516724588e-01
6.019489617571677220e-01,-6.956129035019915641e-01,3.921481045740203286e-01
7.622211966741079259e-01,4.744692997104039134e-01,-4.403382006742203036e-01
-9.054470672815064791e-01,-1.148316817778400889e-01,4.086309988380621983e-01
7.211637708328544338e-01,4.902903655185187892e-01,4.894263714981605951e-01
-5.514077735586282031e-02,-2.562282154243680776e-01,9.650422769459556793e-01
8.127719869852235712e-01,3.757729436783568966e-01,4.451925335979862175e-01
1.733284351146346935e-01,-9.434502395170270006e-01,2.825931689478295983e-01
1.369359370645355511e-01,9.107291705675527593e-01,3.896420498580650538e-01
-3.695496761107248951e-02,9.985144687662634855e-01,-4.003980561005777983e-02
7.537603336189763192e-01,5.598122177405671085e-01,-3.441738518990037354e-01
-3.983782770546581142e-01,8.230580959576266897e-01,4.048087437909022035e-01
-6.509106044678629743e-01,-6.596147309294903005e-01,-3.757975408808546525e-01
-2.647069246949845800e-01,-4.736946634785215160e-01,8.399664337403570658e-01
-5.960213184895144511e-01,8.002355648436370039e-01,6.619387181156251299e-02
3.310413967022737824e-02,-6.739454099887247640e-01,-7.380390913033156863e-01
-1.799988449198912932e-01,9.770532802346640899e-01,-1.138740682077706706e-01
-6.262061343934903768e-01,-7.053758806530576742e-01,3.321306132245041010e-01
1.234165509525277649e-01,-9.636464466811445195e-01,-2.369681007008881957e-01
5.084083877490165326e-01,-3.103556495672281368e-02,8.605566250830115615e-01
8.997108796790594942e-01,-4.249266705884897632e-01,-9.978806346309143649e-02
-8.109533985342275431e-01,-4.262908106138161290e-01,-4.007876372744075821e-01
-1.760235130981444018e-01,9.604852617694754624e-01,-2.156009850631710467e-01
6.193537321476602076e-01,7.804388650623116375e-01,-8.553439293649589548e-02
8.116554554861274973e-01,9.557454253811011047e-02,-5.762646339992054667e-01
-7.360639387584607674e-01,6.376604371363642221e-01,-2.271542316806831607e-01
-8.313910770030628061e-01,-3.928839403419340237e-02,-5.542971217441973186e-01
3.709818499565682992e-01,-9.282702571668592917e-01,2.620680564615335967e-02
-8.161670867866407386e-01,-5.707475555423420222e-01,-9.010279845071042515e-02
1.719289727815117019e-01,6.797454655926978007e-02,9.827613593026314209e-01
-7.522286396534116903e-01,-5.643836392637491262e-01,-3.400340886096328563e-01
-2.561136402935076939e-01,6.604839330596326552e-02,9.643875844271888598e-01
2.622179049063093625e-01,-1.872276062243733441e-01,-9.466718511786630375e-01
7.813902453187050456e-01,-5.427106855432035637e-01,3.080493407199568212e-01
4.606383019152887615e-01,-9.803572142287356184e-02,8.821572150890658603e-01
-1.531661049087475746e-01,2.535863232094002773e-01,9.551094811529305950e-01
5.794773653916478473e-01,-5.748340592608722766e-01,5.777298566911897026e-01
-2.140281735758076120e-01,-9.350897393571018235e-01,-2.824873807179200114e-01
-8.471868331365103866e-02,4.841128317897805400e-01,8.708946611353640677e-01
9.358482264730156874e-01,3.519403960375643847e-01,-1.805698325394732018e-02
9.268380682697417994e-01,-1.417098333764412743e-01,3.476917001172660782e-01
7.990824712300113042e-01,-5.711313739752353902e-01,1.878194820408629617e-01
-5.748581895286959675e-02,-9.964393391238711706e-01,6.167677087608347541e-02
-4.863921646623968753e-01,-8.134595695983037889e-01,-3.189140805671176748e-01
-5.789976956682152398e-01,8.042383292026493713e-01,1.340237973355020429e-01
-7.636792190057964391e-02,-1.347277493913213303e-02,-9.969886783910970607e-01
8.680817283043292809e-01,-4.819596394051406940e-01,-1.189496488798321150e-01
-1.509805874798063607e-01,-5.422396219315934740e-01,8.265476723164462136e-01
9.814975533840868405e-01,1.433202139544768050e-01,1.269719219870854565e-01
8.441545894620186008e-01,-3.320771362354555389e-01,-4.208655422814623903e-01
-9.054255904361997453e-01,-4.208954773316617159e-02,4.224132693877837852e-01
5.642944661153611458e-02,9.983798991916185139e-01,-7.300304462803174771e-03
-2.859290124260900623e-03,-1.340120710991620778e-01,-9.909755745020651929e-01
8.167832421791695330e-01,-3.955275317846733696e-01,-4.200275073082811450e-01
-8.785453611031945886e-01,-4.692552225760547868e-01,-8.920529451302158797e-02
-6.687876124960587809e-01,6.300377833786277582e-02,-7.407790853466199588e-01
9.050522818505495337e-01,-1.410829079594799196e-01,4.012181204766437359e-01
-1.351124131511503013e-01,5.992695929778102393e-01,7.890631094815434565e-01
-3.032030444913821343e-01,9.491725727148104808e-01,-8.449462123179336814e-02
-2.926226322667761504e-01,9.562276799979657627e-01,7.868233416079388476e-04
6.503978391788781677e-01,7.290697512712095429e-01,2.131664808847363313e-01
4.011433913035939436e-01,-9.133004341398872628e-01,-7.047195621908888818e-02
6.607025517222704369e-01,6.898447924085817640e-01,-2.959498277317307857e-01
8.752816639522500441e-01,4.602483462543414117e-01,1.485041027013203896e-01
2.901228146070959912e-01,1.519078544084134508e-01,-9.448559446886539703e-01
4.945844820663493069e-01,3.749793754484756492e-01,-7.840769465348617073e-01
9.517210920016691000e-01,1.028708463018732922e-01,2.892136788263773295e-01
-9.288539892596412439e-01,3.493899850895157422e-01,-1.231133825203348658e-01
-6.611816549578339863e-01,-4.186694409560505759e-01,6.225389291897880373e-01
-5.456716070854288336e-01,1.992425647138399425e-01,-8.139686097307786694e-01
-5.494227603383003977e-01,-3.269728045490795654e-01,7.689105380390830469e-01
7.111000693801100558e-01,6.646964464804892003e-01,2.291622249931545285e-01
8.236297325111243683e-01,5.334270812885771873e-01,-1.925866367939464974e-01
1.332732272606626800e-01,4.442505706693294226e-02,9.900831587296733405e-01
7.519683203572093966e-01,-6.591627482912530978e-01,-6.936601781832189839e-03
3.305960191767952361e-02,-1.491969594290289414e-01,-9.882546888419893039e-01
-8.495995184344912188e-01,-5.172257986763686421e-01,1.032382267354153560e-01
1.454366763853877365e-01,-1.912710632135962430e-01,9.707026081860047340e-01
3.834481689713051256e-03,-8.980800759607850958e-01,4.398152724865765362e-01
-4.546532422047365185e-01,8.790735917548476719e-01,1.432482098734674802e-01
-2.431984218000708964e-01,9.560407600884159030e-02,9.652535357534053340e-01
3.856701863666767149e-04,-4.721914156458750789e-01,-8.814959547546724616e-01
9.549169997204224325e-01,1.275675792178891377e-01,2.680672236164550748e-01
8.528794824130002672e-01,-1.006428311683212895e-01,-5.123159269565585872e-01
6.112267635034818181e-01,6.996763879904760453e-01,3.699389080181474387e-01
6.963745199298043698e-01,7.160863334234064403e-01,-4.777960942448625237e-02
-6.264583709137197531e-02,-9.754208693640424865e-01,-2.112572524298674814e-01
5.869325506335817955e-02,-8.161553883216993155e-01,-5.748438778690468931e-01
4.053384056581776917e-01,7.261156681703613280e-01,-5.553888847789414385e-01
8.761068652998704742e-01,-3.242950514357125780e-01,3.567484830924206318e-01
1.458865837969945123e-01,-8.485497400739244744e-01,5.086063736216028808e-01
4.018934861003446435e-01,6.801628656309274268e-01,-6.130743038546285772e-01
-9.265243447327652371e-01,2.203851628965804998e-01,-3.049311702541534497e-01
-3.884525174722066598e-01,-6.127478744857082216e-01,6.882184856444588661e-01
-2.153352946291941794e-01,1.259784962804142150e-01,-9.683801574598086548e-01
9.399972294806380191e-01,3.367816897010234567e-01,-5.461961232788534182e-02
-5.608903100803377395e-01,-6.149644891861333340e-01,-5.542749652456084863e-01
6.362215689801009599e-02,-8.026642120026025173e-01,-5.930281476640769656e-01
8.064731363809764242e-02,-7.808459451540568086e-01,-6.194962637009412409e-01
-4.934822174972996467e-01,2.792024538083192065e-01,8.237240380135578688e-01
1.803538936221388000e-01,3.093020126542766479e-01,9.337048452393016396e-01
-5.728914970647857041e-01,7.646563609075057721e-02,-8.160565783621289704e-01
-5.472554870023016438e-01,8.187486111979910275e-01,1.736725182843697479e-01
3.407552659574089038e-01,-9.353923824912540042e-01,9.448248250142050886e-02
-7.776733853417703290e-01,1.661103446605849410e-01,6.063261986157386652e-01
9.093468710012696243e-02,-5.613744697422011765e-01,-8.225506594755513934e-01
2.930554036925734351e-01,-4.482262047067957500e-01,8.445186793557171168e-01
3.439664191068141919e-01,4.590899419547119983e-03,-9.389707270034326481e-01
6.217795380726796051e-01,-4.057233149025257779e-03,7.831818083263294428e-01
6.417233390613746868e-02,-8.007554715301896664e-01,5.955439415991926611e-01
2.545162874502337677e-02,-5.864350024705891062e-01,-8.095963206879991381e-01
-1.173281453457828971e-01,-9.888036476670275521e-01,9.220332244610014716e-02
-6.938953400002922933e-01,-6.681147475819102510e-01,-2.685739026589133993e-01
-3.313266480731157926e-01,-8.285647810403313773e-01,-4.513347492673496775e-01
1.234193854939144991e-01,-3.741021896677283465e-01,9.191382958892069244e-01
-2.527502744898506015e-01,9.623305947699382079e-01,1.001854536100049292e-01
3.732354757424120040e-01,-7.006999089635130851e-01,6.080418712768550504e-01
8.256787224311690210e-01,-2.396600152021184926e-01,5.107031666611762111e-01
-5.261238677159676413e-01,-3.786938302483491836e-01,7.614359190052867321e-01
8.599607764558190315e-01,5.103458803826746992e-01,-3.813834545154298761e-03
8.158706280864299609e-01,-5.463506697576242521e-01,1.893569747362101041e-01
4.075000347645552079e-01,-8.653515061827037336e-01,-2.917370261283479538e-01
5.555823579121248468e-01,-5.058508984686040932e-01,6.598811348230142482e-01
4.305699857659568974e-01,3.701060441895837050e-02,-9.017980386528056114e-01
8.830935266454876809e-01,7.582860424844954650e-03,-4.691357196213189473e-01
-8.458477899258485255e-01,-3.006341402053675504e-01,4.406366190190472154e-01
2.052451528208292242e-01,7.521156232730894509e-01,6.262559512468419687e-01
-2.854659327958397053e-01,-9.095613711125557499e-01,3.020054856999271897e-01
3.596641195790057366e-01,-9.162998810344552547e-01,1.761710790785538105e-01
8.928646855308862706e-01,-3.558466469800012355e-01,-2.759815522184800307e-01
-9.207625576860278827e-01,3.173611701768002114e-01,-2.268880781960492810e-01
-1.577627550211648799e-01,9.812302342066604455e-01,1.108969819556598624e-01
-8.821972589208992854e-01,-2.497215914326817443e-01,3.992081200636840577e-01
-6.172006546924780485e-02,-9.943669390428842014e-01,8.616857929057820942e-02
3.465373960271513898e-01,5.919058732707772608e-01,-7.277082316026661779e-01
-9.333615159896678781e-01,-3.588717050520420226e-01,-6.883297357331258359e-03
-2.352858208255500239e-01,9.694232881767148591e-01,-6.970703593679206111e-02
7.183904730627600488e-01,-5.552067536023623795e-01,-4.191188244006578967e-01
-8.970903577167832488e-02,9.025574957292759048e-01,-4.211202391287002245e-01
-3.279366474983359536e-01,4.481339841555528336e-01,8.316450489676607827e-01
3.471037621403647577e-01,-8.346135693981034942e-01,-4.277138857747808665e-01
2.652855963333165534e-01,-3.082219056578148209e-01,9.135769312163818379e-01
-7.304489567650643833e-01,5.907262420157386451e-01,-3.427635169541705107e-01
-4.033328461964320599e-01,7.133382638283589650e-01,5.731240149718278554e-01
-7.387582862855330834e-01,5.809719698722879411e-01,-3.416251815472265418e-01
5.609593841352279453e-01,-7.814355738462379630e-01,-2.732819300250688976e-01
-1.214208777653324883e-01,1.107377511796846931e-01,9.864046435952956715e-01
-4.182678930853296895e-01,6.696952757920923149e-01,-6.136450172499674505e-01
6.181890114150074833e-01,7.860254603481285907e-01,2.514328985750577221e-03
8.758665501803335474e-01,-1.314139221842594574e-01,-4.643147287469462925e-01
-3.878147226874233411e-01,-7.012525115508616569e-01,5.982011834746615575e-01
-1.087993060845204030e-01,8.680469428765584805e-01,4.844143019752692458e-01
-5.990271754602852217e-02,-9.532413907989891744e-01,2.962136311823105328e-01
-8.981218538979842680e-01,-3.342889842948330026e-01,-2.857061611690883129e-01
-2.078273847380496253e-01,6.036114733933227727e-01,-7.697148610627733145e-01
-9.178618260936505235e-01,3.076977347957282616e-01,2.507025572298915983e-01
8.031291463385874518e-01,5.765436385303692735e-01,1.502697812988845472e-01
7.330228183977103296e-01,-5.145119444915755569e-01,-4.449213488739053313e-01
-6.977293869236380619e-01,6.635154954680176909e-01,-2.700386822234835948e-01
-1.536804633911215412e-01,7.632601785672834538e-01,-6.275477790458098282e-01
3.350812004043900449e-01,-2.224367952869521839e-02,-9.419266467494047390e-01
7.271773805159710280e-01,-1.591251065207802684e-01,6.677516437573783881e-01
-8.236640188609907209e-01,2.669377142451436757e-01,5.003217372324928469e-01
8.844514911309983018e-01,4.045068269933108640e-01,2.326365980493121932e-01
-9.657570084877642458e-01,-2.474134063695086483e-01,7.810254096635305121e-02
4.124060899755621068e-01,-4.467610254157077798e-01,7.939306034664326273e-01
1.933790939585628699e-01,-6.094661847224861484e-01,-7.688663705089342493e-01
3.624448662986310410e-01,-8.783915459766049594e-01,-3.115477665633272775e-01
2.533652950623803135e-01,8.547759366958915805e-01,4.529504667219301228e-01
-6.202566259347404021e-01,-6.762918569120176526e-01,-3.973802237889373923e-01
-2.277228227705792585e-01,5.297826927258291185e-01,8.169899720789535191e-01
-7.266664056207315925e-01,2.654016913924481802e-01,-6.336543830419500978e-01
5.164965512616344068e-01,1.049197207100020512e-01,-8.498371401280206960e-01
1.114216879928063009e-01,-6.935510308571120053e-01,-7.117388390708148105e-01
4.575713553598136363e-01,-8.888560277081130057e-01,-2.373640160465369242e-02
8.136152413084603019e-01,-4.516250152092679548e-01,3.661489925533105705e-01
-9.870771750214006601e-02,-9.545955248332695930e-01,-2.810768052931656436e-01
3.012875635141705200e-01,-8.509240345237718550e-01,-4.302953538460310701e-01
-3.515711477734233537e-01,-9.282344300915461588e-01,1.215671454213691077e-01
9.204485159877271450e-01,-1.738475837965137161e-01,-3.500736308608586311e-01
-6.622538852094276285e-01,-3.414315519386645903e-03,-7.492717357371436737e-01
6.069579501865718374e-02,-9.308814632182014215e-01,3.602439755274107203e-01
8.462281960072238762e-01,-5.175229849719619191e-01,-1.267588273378613961e-01
4.855114952622782143e-01,6.042224261482731507e-01,-6.318178912532322888e-01
-6.763509495904599378e-01,-5.650670868334999319e-01,4.724918839150411554e-01
-8.144874031932692882e-01,-2.726387450288578762e-01,-5.121312182913422273e-01
-5.574267625779906199e-01,-6.473372133164083664e-01,-5.198364517976472587e-01
3.315340638472480395e-01,-8.175034805438388119e-01,-4.709280452549392537e-01
2.235312896906607727e-01,2.896301621008330329e-01,-9.306707966465237458e-01
1.347797106283249724e-01,-1.289648601723324961e-01,9.824471967712440357e-01
2.812576149106455481e-01,4.187870288879086966e-01,8.634301236869217355e-01
-1.866195169005549770e-01,9.434339569341538834e-01,-2.740538721043153103e-01
2.146942840927673346e-01,8.228624035018564653e-01,-5.261214966916312186e-01
-7.218475124751823069e-01,5.350938348318104998e-01,4.388744201458758543e-01
5.104457616936719511e-01,-5.362163336757216348e-01,-6.722478470536996653e-01
2.330873625369636604e-02,9.927445429956879286e-01,1.179617529817954813e-01
-2.856105854676952438e-01,4.309197901233970951e-01,-8.559992569791212702e-01
-8.046382981593891426e-01,5.825172124179232025e-01,-1.150256770117617511e-01
4.816746048208278008e-01,2.792757865506667603e-01,-8.306591419572808555e-01
8.752953534267182700e-01,1.102200884316746343e-01,4.708604638061157921e-01
9.761649097115950857e-01,2.169738123377795702e-01,-4.943056479895693855e-03
-3.700931429240458259e-01,-6.142399881561031449e-01,6.969507174188086518e-01
-4.949729294227440679e-01,-6.038761652160712368e-01,-6.247682580146014519e-01
-6.813292204182466727e-02,-9.621912934789207394e-01,2.637154142013773961e-01
3.305312325949031349e-01,7.758207767688973799e-01,-5.374488130166432676e-01
7.743305644292772794e-01,-3.468958279529513189e-01,-5.292215618618285600e-01
4.059278419755403822e-01,9.127268021439562951e-01,-4.639366074312334387e-02
-2.897266287737343404e-01,3.572635022650161862e-01,-8.879308928789120259e-01
-3.746484295494064698e-01,7.659768792924247505e-01,5.224155191278316845e-01
-7.881924019574282347e-01,-3.410860045679499630e-01,5.122627011450786583e-01
3.757769665352158062e-01,7.776953849344190317e-01,5.039658318510263912e-01
-6.206240102004491055e-01,-8.668679515582132511e-02,7.793017628032966604e-01
9.645712014840694959e-01,-1.743090117002047690e-01,1.980372836303226081e-01
5.391388155967213880e-01,3.035543506750894016e-01,7.856106501971501510e-01
-8.686706889443303048e-01,-4.856228946722951911e-01,9.788584340487596624e-02
9.825669656106904570e-01,1.693542001137974817e-01,7.668971896164547553e-02
5.906065760007764842e-01,2.489943870007064186e-01,7.675843065271603649e-01
1.293547697920634787e-01,-9.412882012854214553e-01,-3.118394870007616393e-01
8.025154730650765345e-01,-3.717529071484280134e-01,-4.666569312866022945e-01
2.381601679754976053e-01,8.055195883362428200e-01,-5.426029185292802204e-01
7.980714441342613708e-02,9.961479484302504517e-01,-3.633296765717455162e-02
-1.863426085622188200e-01,-7.724930733206437639e-01,-6.070674459282545676e-01
-1.367090619354143777e-01,-9.751283597306444062e-02,-9.858001213254281581e-01
-4.847279188621756996e-01,-8.745084897475537966e-01,-1.654527228535378897e-02
-6.016453519937597916e-01,6.793500866683865880e-01,4.201265644635681085e-01
3.066112469348001301e-01,-8.181157826244339626e-01,-4.864936890380971990e-01
1.603416708446598060e-01,-9.823689294216386703e-01,-9.613446363155260521e-02
6.720897751093386496e-01,-4.423522198254487003e-01,-5.938180258370205911e-01
8.024166694266665623e-01,-4.316148014600375005e-01,-4.121118195184748645e-01
-5.645641509466030605e-01,-8.063141799606273752e-01,1.764221149979838532e-01
-7.657383439578949735e-01,5.790127929886396130e-01,2.799803102864834026e-01
-8.051898088062668934e-01,4.378427314569405260e-01,3.999538902234264226e-01
7.519902811951800770e-01,6.289953316144246687e-01,-1.971686836068395343e-01
2.204358810186027584e-01,-3.776625272038747760e-01,8.993214319171620730e-01
5.572410609529417913e-01,4.612036766133581489e-01,6.904879207244402073e-01
-4.062826858882415682e-01,8.387494676487163847e-01,3.625378734234964706e-01
-1.392923157794295763e-01,-4.172953942763625856e-01,8.980324073665377771e-01
8.324303770066010522e-01,4.535461079603103074e-01,3.183639354429180779e-01
-6.504685448429557981e-01,-7.584444825719038885e-01,-4.065266321071672739e-02
-9.959542280706808193e-02,3.185762922991682844e-01,-9.426504642447253168e-01
8.860005647989055433e-01,4.153350881785148330e-01,2.061547081775381152e-01
2.524416117061546450e-01,1.404654761205530455e-01,9.573623570505710445e-01
5.325492259530342221e-01,1.866185464708856878e-01,-8.255694035330509717e-01
4.537972845474181893e-01,-8.461184381532105281e-01,-2.795561001920021105e-01
6.917368778510043503e-01,-4.182770241861755722e-01,-5.886802382099319830e-01
-2.223977592974704653e-02,-8.364696909791433654e-01,5.475617302550013221e-01
-7.593984836483180789e-01,-4.061481436995683092e-01,-5.082889221712686423e-01
-7.340228831039330437e-01,5.938559099077238557e-01,3.294625401277956334e-01
9.175864551228758437e-01,3.560906499150615634e-01,-1.767329805613636062e-01
-7.754865595556814650e-01,-8.664839913461813703e-03,-6.313046146653503721e-01
-3.789739716398753400e-01,-9.202397802337418664e-01,9.766000048562974156e-02
-5.489671558737571067e-01,-8.341115518213527702e-01,-5.378643778921093910e-02
-1.073072101660688116e-01,-6.350143859207674213e-02,9.921959130852695541e-01
-2.510045285876738030e-01,-7.142544997571074195e-01,-6.533278168004207354e-01
-7.870608558320515424e-01,-5.656957914431304246e-01,2.460152043277992195e-01
-9.337746475135539903e-01,3.000198609082379564e-01,1.950717578778119743e-01
8.325088774768829580e-01,1.983785834720687424e-01,5.172764314578770506e-01
8.363095880650541769e-01,3.055990534532970759e-01,4.551873146726611585e-01
-6.846526544086131150e-01,-5.359605733489661850e-01,-4.939605314462762742e-01
4.188625366398912031e-01,2.158404485704890075e-01,-8.820244192540733774e-01
-9.541905169287318023e-01,2.215707587222968955e-01,2.010643088230858744e-01
-8.534030064906046320e-01,5.176528071020123356e-01,-6.114638020524157391e-02
-6.175029351689342860e-04,2.205966721457350010e-01,-9.753649198778640006e-01
-3.000130143273793126e-01,8.269285051469237313e-01,-4.755853641668065790e-01
8.991897641847690359e-01,2.036290706885388602e-01,3.872892582500338521e-01
-5.501159630551171187e-01,8.026978951152702324e-01,2.303226353823175643e-01
3.100060793802785208e-01,8.418748320033798693e-01,-4.417499269796765216e-01
7.491865044427719056e-01,5.775383383932157777e-01,-3.242977786646459859e-01
5.156841565731679067e-01,5.898100380380877361e-01,-6.214450657048696813e-01
-6.244216488589279246e-01,7.614486266821315352e-01,1.740505482904133872e-01
-1.288497264485989335e-01,-3.854762049360364595e-01,-9.136771001958143845e-01
6.174890043236275217e-01,7.248183422974423529e-01,-3.055252857106961484e-01
-4.321775117897436180e-02,3.336156211664252358e-01,-9.417180274884688895e-01
7.094631031567761870e-01,-4.916401285628510531e-02,-7.030256077121406211e-01
3.743757007601748038e-02,-1.880249600831409296e-01,-9.814504790016339575e-01
5.794766557616670699e-01,6.995111928475898910e-01,-4.181995893209557447e-01
-7.439599721227793117e-01,2.060440350241116436e-01,-6.356645463686457775e-01
-5.827074222897667966e-01,7.463536905014265255e-01,-3.215714985556341055e-01
1.910389752427699706e-01,8.804557697343047551e-02,9.776257393878335922e-01
-5.983960247702381219e-01,-7.994809853167517133e-01,5.246285977844034054e-02
8.349302921778923858e-01,4.551354352987539986e-01,-3.094238884429469927e-01
-8.665058537582253084e-01,-4.921329696091221173e-01,8.350296777022797601e-02
-2.731604097169710865e-01,7.829211280222172498e-01,5.589435551642716327e-01
8.866199730643489207e-01,-4.614559358085287277e-01,-3.103937290681499372e-02
5.388407605990817029e-01,-3.223481188358809368e-01,7.782944976035559570e-01
2.901618622723528551e-02,-9.097012079872621726e-01,-4.142484437186728652e-01
-8.656395665798801708e-01,-3.479615991077990023e-01,-3.599873141066787796e-01
-7.857480422770672934e-01,2.245538325252530720e-01,5.763467622499295340e-01
2.070728675318402601e-01,-9.746148236817349375e-02,-9.734588265492994941e-01
8.247589172570695126e-01,-2.018800643540145101e-01,-5.282207569012841164e-01
3.106784982547358132e-01,9.665428407086629203e-02,-9.455880816153143797e-01
3.133251526899137329e-01,2.906862608137771864e-01,-9.040624129262022635e-01
1.024831177824719886e-01,-3.110278937687229739e-01,9.448591746220046383e-01
-4.714265816895542582e-01,6.908310681894874739e-01,5.481873888559217756e-01
-1.292252195639688184e-01,8.448950858224615335e-01,5.190887559769518100e-01
-1.244053433679820353e-01,-9.228450675071531162e-01,-3.645274913078740964e-01
-8.896259583994745590e-01,-4.254233709469017188e-02,-4.547040836591836332e-01
2.107832397057088913e-01,-1.183235021231998640e-01,-9.703452863308333898e-01
3.105819297493878639e-01,5.839475014406159126e-01,7.500294530712832142e-01
-2.665498463911192273e-01,-8.032457877113328149e-01,-5.326794382298520869e-01
-1.718739863859823636e-01,4.964127375616209648e-01,8.509017139425494314e-01
-7.867158436617098793e-01,-4.541710432880763371e-01,-4.180990848713549424e-01
-5.108144967035121997e-01,7.318625868673177548e-01,-4.510495581434654788e-01
-1.395848664051178023e-01,-1.918056833422030205e-01,9.714559407962338744e-01
5.453615366260837760e-01,6.697673760269590160e-01,-5.039766426917012820e-01
6.246856910717699662e-01,-6.755192240402567716e-01,-3.917161795512591471e-01
-9.028110779018077015e-01,-4.288525196672638984e-01,3.190100300641129927e-02
1.664267523112384906e-01,-5.323476355511386204e-01,8.300048982013575882e-01
8.348893724789112625e-01,-4.997457584318602541e-01,-2.306814094181293129e-01
9.812032881317779287e-01,-1.652740029106609665e-01,9.962234348414938934e-02
-1.359937936041133444e-01,-9.165813167069011280e-01,3.760111407458629484e-01
9.814921290144641708e-02,-3.569798085335422755e-01,-9.289414127415045463e-01
6.463639922158144202e-01,7.619066776391719698e-01,4.137395479855737745e-02
-2.752134095694473426e-01,8.541037591743969593e-01,4.413211390329306871e-01
1.524095508385623632e-01,9.330099634318180790e-01,3.259811910987274741e-01
8.137810483778711301e-01,-1.026373707345209774e-01,5.720366906324432232e-01
-7.303803241565351434e-02,-6.064143741530496623e-01,-7.917872521336872804e-01
-1.988130680620182056e-01,8.830422018492465330e-01,-4.250997926616781331e-01
3.520916575548647121e-01,6.062877994617563715e-01,-7.130543940710898365e-01
2.419571764882052778e-01,-9.694824391773190220e-01,-3.950347924741669237e-02
-2.517742945317661407e-01,-8.686212923792065999e-01,-4.267396806467714798e-01
-9.053434283098178437e-01,-3.512934503017551835e-01,2.386340055216641387e-01
8.447081417761059807e-01,2.362822064087899965e-01,4.802487627800324788e-01
7.732934141660200433e-01,-4.980639231347897544e-01,-3.923641472905525229e-01
-4.051902988040840814e-01,9.117356720506986090e-01,-6.751952358628035555e-02
-3.812888574208314063e-01,1.753827895217417443e-01,-9.076671660615961423e-01
3.086277378386348413e-01,6.365236272209883195e-01,-7.068143967308837539e-01
7.839464813688319378e-01,-2.665715568292257309e-01,5.606848664259364012e-01
4.738531701007826502e-01,8.354178712260664774e-01,-2.784603268358823991e-01
6.879896596484350590e-01,-3.166672534812809969e-01,-6.529870433549602726e-01
8.494725130315439188e-01,5.041737743487533230e-01,1.555803807130125005e-01
2.914035346480426392e-01,-4.750157224294361269e-01,8.303276723315125007e-01
6.651568504878155874e-01,-4.758215605891819022e-01,-5.754652089636743684e-01
1.780328937642758902e-01,4.021344938216042109e-01,-8.981047475750032483e-01
6.909764059177512241e-01,-6.257187375612984770e-01,-3.619774411889258303e-01
3.514032998541256198e-02,2.691923573227811284e-01,-9.624451319257220083e-01
9.915741351733107223e-01,9.025051096598746270e-02,-9.292781997700735874e-02
9.415309083900098852e-02,-9.867571320072674457e-01,-1.320816335387131057e-01
-8.408097635438334105e-01,4.335407798890477116e-01,-3.241625112540921227e-01
-3.405997165705136887e-01,-4.735720013647587434e-01,8.122323513597957678e-01
-7.083780497079381622e-01,-6.458618272939747884e-01,2.847157156471450956e-01
7.517385306407022849e-01,6.573106914207229590e-01,-5.321500252907382378e-02
5.961041082893620002e-01,-2.037092372143093355e-01,7.766353318991536803e-01
-5.371822620777969570e-01,-6.826960412204615691e-01,4.953396134077012736e-01
-5.796166366424416738e-01,-7.967937421040072188e-01,1.707755458817119543e-01
-6.382156465137053258e-01,-7.616649888797284440e-01,-1.120144332661472536e-01
8.221595990251157060e-01,-4.984656599166813473e-01,2.749283172295790001e-01
6.428444137127846680e-01,-7.225100451614302477e-01,2.544214896566209805e-01
7.382875301193424500e-01,3.777262893977408886e-01,5.587972558702264392e-01
5.409856489192192974e-01,5.954756762029531636e-01,5.939219197117469040e-01
7.786955888121662728e-01,-7.257286045582278522e-02,-6.231904683880626905e-01
-2.187672701602259573e-01,8.391305792886177839e-01,-4.979967393561840483e-01
-3.798983853269419231e-01,7.772702800827433478e-01,-5.015258004590351648e-01
1.138406859558405981e-01,9.916371038678473138e-01,-6.079599044091310578e-02
1.469717103157797827e-02,9.592259937471875331e-02,9.952802861972427362e-01
-4.458988270950294264e-01,8.352244828579613589e-01,-3.218296121085315042e-01
2.322914582094362246e-01,9.718097352268606492e-01,-4.033009994077683957e-02
-6.097760966551901696e-01,5.471908822359717872e-01,-5.733718255598013736e-01
-8.642929378679814478e-01,5.024135614992892851e-01,2.404850875072199468e-02
-9.616843951324065554e-01,1.233424134570890729e-01,2.448464277897426655e-01
-2.114797241595683386e-01,7.195099827593478548e-01,6.614995925766209428e-01
6.226012506960110215e-02,-9.655389171304809004e-01,-2.527019515809406647e-01
-1.929471714789634529e-01,-1.605843968805713839e-01,-9.679793595406723794e-01
9.774468074928417405e-01,-2.046674803975625234e-01,-5.204767996524696516e-02
-7.714432506687302071e-01,-5.745740660543195988e-01,-2.733860889209058231e-01
-1.199493496199932896e-01,-7.717541925429080019e-01,6.245059005471323976e-01
-4.525790196936803622e-01,-8.410992578197115654e-02,8.877486982913906921e-01
1.524332293821041573e-01,8.413981763893296772e-01,5.184720044022179675e-01
4.886538646944207365e-01,2.327874284994356224e-01,-8.408492217109004851e-01
-2.303886632492979092e-01,-9.606374459045162739e-01,-1.552313156945131778e-01
-9.977566029551908633e-01,4.074097060400873327e-02,-5.312188413037630813e-02
9.064992854843580972e-01,2.244365303707984982e-01,3.576133236492538003e-01
-3.700473335464855018e-01,-9.050220096402861181e-01,-2.097620866643783166e-01
1.571001880781849047e-01,-9.082959850687037928e-01,-3.877085689198419560e-01
-9.951451334875368593e-01,-7.077522970975003158e-02,-6.838881601259515219e-02
8.399591805219437379e-01,2.294114268594363015e-01,4.917712601232632763e-01
-2.681351603249150228e-01,6.467738022344906579e-01,7.139938266824668034e-01
-9.867930017980086621e-01,-1.411998066045888345e-01,7.938631001187906877e-02
-8.909064748097114128e-01,-4.525297883786545405e-01,-3.876136958497094359e-02
5.101730962046844287e-01,-3.858323429298272655e-01,7.686721115392481929e-01
-8.183607745118752774e-01,-2.779471097472757668e-02,5.740323133606286543e-01
2.652922126305774508e-01,-6.481029476377497822e-01,-7.138505524133412772e-01
-1.577083564153374806e-01,-1.248481738686440246e-01,9.795616406323991443e-01
3.386516856343517734e-01,3.748176945480352629e-01,-8.630334475967361696e-01
3.882829863419900995e-01,8.578774743602191055e-01,3.365747487597338106e-01
6.333388159981868659e-01,-7.357509756024660508e-01,2.399009088145229729e-01
5.320829680992796851e-01,5.499774089287868817e-01,6.437488366798334027e-01
-8.529038624937612667e-02,9.609685962289978844e-01,2.631822696822522789e-01
-3.730781484253317126e-01,2.066943704045504093e-02,-9.275696575136320732e-01
-1.054024269329159741e-01,2.949257629695737348e-01,-9.496889610464397391e-01
-9.459537981361343384e-03,-8.994976072761022845e-01,-4.368232727840244412e-01
-2.101447548719022895e-01,-9.358158321685246250e-02,-9.731812109172963687e-01
-7.526016012338566652e-01,5.894795025783238218e-01,2.934361018352154571e-01
4.926944537720054917e-01,-8.372525521391840364e-01,-2.371926203715623571e-01
2.086141229865495494e-01,2.110295231060890786e-02,-9.777703273746494173e-01
-3.856215059371337350e-01,-6.805525889692969344e-01,6.230122212332307452e-01
6.583378151507607301e-01,5.022309094961329157e-01,5.606740895468684815e-01
5.459210037127284476e-01,-8.058102599547801725e-01,2.294342665272484649e-01
7.395129472848955832e-01,4.529494088273754437e-01,-4.979532446334075102e-01
9.929410566133165528e-01,-1.072735525211825636e-01,5.060082036010713630e-02
-3.545890816533468770e-02,-8.307915435928727721e-01,5.554530375524954211e-01
6.366404376102323681e-01,3.771088768300431271e-01,6.726647368603735355e-01
7.365089148881749370e-01,3.870262269283557544e-01,5.547660028875635030e-01
-9.810532026391109994e-01,1.501307353451677429e-01,-1.224556078595942232e-01
2.840041450473812512e-01,7.505409873508732677e-01,-5.966823877929381403e-01
8.232966980887672648e-01,5.663848943727260998e-01,-3.729206809133917000e-02
6.197006419088078033e-01,-5.886617593625937950e-01,5.190842392925710813e-01
5.865549688237904347e-01,5.225136240514023367e-01,6.188156278155814149e-01
-7.375994160645070741e-01,1.453771056048449584e-01,6.594032139649123048e-01
4.755970521343848567e-01,6.864068994702373638e-01,5.501390845602032176e-01
-9.292333485519661540e-01,2.916474862311320693e-01,-2.268636764974991116e-01
-2.287652059222613499e-01,-5.895597530362559624e-01,-7.746520368263251077e-01
4.714520013914158536e-02,-9.824746660202874349e-01,-1.803354117531142942e-01
2.562828671498551536e-01,-9.608418963582646688e-01,1.053657544371211507e-01
9.733114949217896994e-01,2.202277319249918985e-01,-6.453278193511202687e-02
8.701038484290714026e-01,-1.527266957036264861e-01,-4.686084179444193754e-01
6.417699574858464207e-01,-3.383701516570701284e-01,6.882128755960515987e-01
7.805084302641911442e-01,6.017355615158876958e-01,-1.694724293024898187e-01
-8.608987461750301773e-02,3.185411750362580063e-01,-9.439915536141532115e-01
-4.860845415315393492e-01,5.626172536818283554e-01,6.687179108888817725e-01
4.224349404329088564e-01,5.431102548754229709e-01,7.256583026125988933e-01
-3.287324099594671201e-02,-2.386434660827831122e-02,-9.991745808352925362e-01
5.473847806337232141e-02,1.292066657031830899e-02,-9.984171249506312851e-01
7.187795980746416458e-01,-6.877214721177162815e-01,-1.019561973589547532e-01
-6.894829754956087742e-01,5.088989994625086055e-01,-5.153979383425776328e-01
-3.687166888044366986e-01,-7.161996193835145075e-01,-5.925420732673767343e-01
7.626287008308509918e-01,5.553319260951036229e-01,3.316683833719318852e-01
1.392910234028886807e-01,8.799945951825789703e-02,9.863336686557293564e-01
8.876409168621010037e-01,-2.731419443088091148e-01,-3.707925039309884485e-01
-6.417896423562323704e-01,-7.590899169501258426e-01,-1.090346410500364349e-01
-8.174211532731915364e-01,3.224742274432795819e-02,-5.751371679068169041e-01
-1.148012428055383699e-01,6.657526928180479420e-01,-7.372882927700816769e-01
4.013311335946424530e-01,-9.157636879100976568e-01,-1.761218648936820064e-02
9.452877386366833612e-01,-2.957645415305950043e-01,-1.376750781962463588e-01
8.222204209656515106e-01,-4.375850024018163031e-01,-3.639683296937653023e-01
4.814229582237187777e-01,-8.679603722670241606e-01,-1.219701909042195942e-01
-7.942243996340961898e-01,-4.737582618993768091e-01,3.804743254254366880e-01
-6.225979683107285556e-01,5.855609692796459598e-01,5.191243792306757809e-01
5.930386789247555912e-01,-2.554367342940651042e-01,-7.635818227749819886e-01
-7.955123713884342251e-01,-1.177800960992183565e-01,5.943802788878589372e-01
-2.505863544108709040e-01,-9.509379247696583271e-01,1.814484560911035493e-01
1.350090522246523705e-01,5.259016441468324921e-01,-8.397618808335248763e-01
-1.760397942828173246e-01,9.687674780835986432e-01,1.746412443737373754e-01
3.724347025215655194e-01,6.134865878326353217e-01,6.963667129516913912e-01
8.326900615579228837e-02,-7.367798862623945455e-01,6.709855973215813618e-01
-9.397664592670993411e-01,2.968048376300144731e-01,-1.695461305839805199e-01
3.589050728768187759e-01,4.808719683826209734e-02,-9.321345236410479851e-01
-8.436725928314161571e-01,2.605846514171117900e-01,4.693742595743166657e-01
-1.977569267833010347e-01,5.302239587650388053e-01,8.244724079438647824e-01
-1.656496644270530616e-01,-8.949153585013538414e-01,4.143509258992891797e-01
-9.993436871853842440e-01,1.640655881212335632e-02,3.229581568354025073e-02
8.768624453039048916e-01,2.783298762518916503e-01,3.919754227005351477e-01
8.543615170907901124e-01,4.901986952159372857e-01,-1.725445951715564863e-01
-7.722054025861136983e-01,-6.198649050676597883e-01,1.395217391028341358e-01
-1.239056571674882479e-01,-9.213910473538047263e-01,3.683557057765656229e-01
2.043673597544400922e-01,-7.904981393156895741e-01,5.773618224349715833e-01
-2.844420526451066911e-01,8.236600763944155190e-01,-4.905882155545365775e-01
-3.042346943135488258e-01,5.913851827936836836e-01,-7.467963687298049269e-01
8.458004664511262760e-01,-3.142053484559845233e-02,5.325733010028513847e-01
1.224693636374207945e-01,9.726375835270205661e-01,-1.974269132640307511e-01
-2.072470949989137501e-01,-6.895053190836040180e-01,6.939964384418184640e-01
5.607205565847012130e-01,-3.344471582636680540e-01,7.574546559053552119e-01
-3.504817666849689983e-01,-9.091033462723059344e-01,2.251524750427557064e-01
-9.878168854724798109e-01,-1.189692793453136221e-01,-1.003200445948197184e-01
7.861173196583204348e-01,2.189337343325969132e-01,5.780030966218103750e-01
-4.104486185683819954e-03,9.903665696780843408e-01,-1.384095764649811156e-01
-7.034219364770141203e-01,-2.459510460164811008e-01,6.668625512400034872e-01
-4.008007903809724937e-01,8.444312332096890472e-01,-3.553795419125183597e-01
9.653497710238511109e-01,2.383084097260831369e-01,1.063434127627273101e-01
-9.769189356907279631e-01,1.440771124625875588e-01,-1.577059883242810656e-01
1.979779717038475384e-01,7.376520078927393254e-01,6.455030890490304207e-01
8.896058529338866094e-01,1.943110370930489772e-01,-4.133335787104601700e-01
7.329406814403794934e-01,3.557338957525321144e-01,5.798718417913037992e-01
9.938568066446674676e-01,4.639443903431458849e-02,-1.004798681963460089e-01
-2.490411412668764035e-01,4.526438064300613018e-01,-8.562079738340427904e-01
4.373706343244539441e-01,4.968363869869300564e-01,7.495735673010344158e-01
9.474785361581381515e-01,-2.856892191178528329e-01,-1.437570645201948771e-01
-5.960254272238376672e-01,-7.868300910832725092e-01,-1.601627230928941437e-01
6.851950387546441590e-01,1.632314572080249826e-01,-7.098332552394021056e-01
3.024013917488854730e-01,-8.392909780847083168e-01,4.518230321419559048e-01
-2.981243128977967283e-01,-8.325339375410050202e-01,4.669144856413071643e-01
5.569545810487478432e-01,2.658867956582287029e-01,-7.868327691087939613e-01
-3.285743075584338091e-01,-3.033571871360804528e-01,-8.944346490523388260e-01
6.401440077130994277e-01,-2.539286182848866646e-01,7.250764830036483533e-01
3.756052805133893169e-01,7.178481232657512034e-01,-5.861866129265466130e-01
4.573278782512172902e-01,-8.370249930324205057e-01,3.004003542163621310e-01
4.818918315666779195e-01,-3.875272885902533715e-02,-8.753733424518316264e-01
6.864133773972549424e-01,5.442605199234369362e-01,4.823040138571975666e-01
-8.340806655097686706e-01,5.470929752302613469e-01,-7.070162569900384497e-02
6.914781912626838389e-01,-7.080972417334976399e-01,-1.430251979809833429e-01
-5.547954278108673254e-01,7.126243149404233312e-01,4.293816705867278261e-01
-6.463726513589493905e-01,-2.335383187774357494e-01,7.264036407107352655e-01
6.416190720202475939e-01,-4.490320402762896235e-01,-6.218482075436004841e-01
-9.811397055518278343e-01,-3.430676569572810308e-02,1.902312382790239120e-01
-1.998706926131311734e-01,9.794087332022894943e-01,-2.846470729577438297e-02
8.979566294911329738e-01,3.850643433285231287e-01,2.130712159112477244e-01
3.514271861569269739e-01,-4.669361732796023512e-01,-8.114613625508152461e-01
8.799162026749763887e-01,-3.795761070923055480e-01,2.857786821907826735e-01
