-2.882693676512350089e-01,8.138271101652176931e-01,-5.045653638866700597e-01
-6.382843520665327786e-01,7.306845400726594830e-01,-2.422667719804187936e-01
-5.069740508367895915e-01,8.510796390882108264e-01,-1.365311675318757467e-01
6.415802600395945632e-01,5.259055005795502113e-01,-5.583889096209728731e-01
-9.611783857419713417e-01,2.582711500027550788e-01,9.711912200340724888e-02
4.904285756245967964e-01,7.166917070754849073e-01,-4.958152974849162620e-01
-8.894793956927609102e-01,1.086756342227310074e-01,-4.438648568701154540e-01
-5.237302210269841884e-01,8.185650844982427232e-01,2.359191768877866580e-01
5.489317788445424728e-01,7.687909493235979275e-01,-3.280767873725406458e-01
7.906929081883352639e-01,3.626749842143061064e-01,-4.932256894828430105e-01
3.916801097110587937e-02,-7.529527117227285959e-01,-6.569079698298361247e-01
1.046870812854795441e-01,6.435068845928281211e-01,-7.582476538002344002e-01
-2.535956335999599021e-01,9.579645570904953278e-01,1.341385924238281402e-01
-5.397329818348400865e-01,-8.194902872028141383e-01,-1.926758352776012650e-01
6.079102502749074155e-01,6.472889450727281613e-01,4.598501377593944839e-01
6.022190619003303658e-01,-3.650360050270774481e-01,7.099865608008067985e-01
2.595821738256432476e-01,3.705601322832602906e-01,-8.917972210060793881e-01
-7.096031680968685196e-01,-7.045806924520298109e-01,-5.421406709099028769e-03
8.383774766586387095e-01,-5.450523196075770516e-01,-6.416815557054442697e-03
8.205772851136615420e-02,-2.125444548910159215e-01,9.736998428091873103e-01
-2.945821047769987128e-03,8.605216569428852935e-01,-5.094053396565700886e-01
2.820242505020996715e-01,6.395909855179714443e-01,7.151123641588635893e-01
2.657761754834153667e-01,-4.478117327990553398e-01,-8.537140484453306088e-01
-3.071178476990650830e-01,-5.917345047934761126e-01,7.453381135172905125e-01
9.272836107875624956e-01,3.485869591974139481e-01,1.364999525358188137e-01
-6.287939996796727549e-01,5.871631027979982154e-01,-5.097622942896687936e-01
-8.377709848669747661e-01,-2.671461259595928617e-01,4.762065983371086553e-01
-9.178768568481142642e-01,-1.471741194541341669e-01,-3.685672994522529722e-01
-5.316407614287894656e-01,-8.153393809429763106e-01,-2.293028448819183496e-01
7.814199014606632021e-01,-6.230221087116891709e-01,-3.501984662512948321e-02
8.510632422188153801e-02,8.217032137162572081e-01,-5.635252808400127433e-01
-2.034664166496667759e-01,9.576029559507424072e-01,2.039558678982897888e-01
9.788579544363891216e-01,1.616499148744278691e-01,1.253252171659726133e-01
4.314343981742749246e-01,9.965682188745612902e-02,-8.966230411512371434e-01
6.262438817266317015e-01,4.171024268522612322e-01,6.586684796723722979e-01
7.568458380755916926e-01,-4.988857223993419798e-01,-4.222527837371138903e-01
-5.909068828168516641e-01,-3.991144946418022088e-01,7.010967665069425259e-01
-5.426331040497613944e-01,-7.535197744873270986e-01,-3.711566567446800691e-01
1.150735763650282892e-02,7.716275504091811843e-01,-6.359705214628679215e-01
-7.111194816462769186e-01,2.750216497588603981e-01,6.470488196319077456e-01
-9.830125843094316140e-01,-1.365538862908776130e-01,-1.226348043099954321e-01
-5.196225936965844644e-02,2.765183968824658223e-01,-9.596027822941906038e-01
-8.265984355849089749e-01,6.448248926080636656e-02,-5.590858922091588301e-01
5.657958691710410770e-01,-8.230398478754604730e-01,4.980404841099620589e-02
7.457907056448533911e-01,-3.199002038994179786e-01,5.843458589900869526e-01
9.209707905840078812e-01,-3.728129421177982517e-01,1.132400683527641505e-01
-3.788705831594308404e-01,1.055137521836406120e-02,-9.253895124202748956e-01
2.511230924581642765e-01,9.677839054321373258e-01,-1.820727384229292936e-02
-3.655440596808966908e-02,1.968163286493997410e-01,-9.797586989566827720e-01
-2.544779869592705968e-01,-4.096144109892406182e-01,8.760462250721104960e-01
