3.293928953850065455e-01,2.517068253862154159e-01,-9.100241724942669252e-01
-5.256049926676747974e-02,-9.957147842090960932e-01,7.608851703287107526e-02
-6.247598349639001125e-02,-7.571520526377882865e-01,-6.502442007988558093e-01
-7.001433197510820161e-01,-4.330695673158025533e-02,7.126877572307407371e-01
5.647902501138920561e-01,4.278750765644024345e-01,7.056450185690350541e-01
-1.798278005876783811e-02,-9.997183255969760429e-01,-1.548835326743278409e-02
2.992375452067652652e-01,-6.516641678239333720e-03,-9.541563943714187479e-01
3.360423772382742369e-01,9.411811837881636222e-01,-3.540480169638076519e-02
-7.778753825868337524e-01,-5.847880607993881652e-01,-2.300713217936520838e-01
4.800939515788592016e-01,2.826866695498266302e-01,-8.304204022759935633e-01
-6.637480511314479692e-01,-4.616977412585838991e-02,7.465298899417035505e-01
-2.516751244022058867e-03,-9.744168705127220775e-01,-2.247341283013527535e-01
4.133930035308260309e-01,5.758484423330718638e-01,7.053401988362334452e-01
4.194105459603690855e-01,-9.034569242122519883e-01,-8.865878428087257956e-02
8.639372449978837132e-01,2.624621830636810205e-01,4.297976723609764349e-01
-6.736736645802178236e-01,1.398331071769512157e-01,7.256793339956014721e-01
1.842030438219961208e-01,-9.652556243102284883e-01,1.853397377363601439e-01
6.101582095798046002e-01,6.967237624489185377e-01,3.772041332241605760e-01
6.697684931568335109e-01,-7.297138972653300915e-01,1.375783184672207948e-01
-5.215535200733842913e-01,7.197643285343180430e-01,-4.581716240325279244e-01
8.148400224524519064e-01,5.706095558039210314e-01,-1.021786310093238948e-01
2.061351940675869299e-01,-9.378606893256398180e-01,-2.791515881816796774e-01
2.288057588129548126e-01,-9.551064397262271077e-01,-1.882009923659253847e-01
-1.744235300894745877e-01,-9.366025042717647242e-01,3.038950166471722780e-01
-3.062300629328715273e-01,-6.478717364771866549e-01,-6.974850260974526650e-01
-4.903462107668287717e-01,-8.049385742988764969e-01,3.341174721446112383e-01
-3.960882280482734830e-01,3.168895239174757128e-01,8.617976242906072448e-01
8.133161488800109140e-01,4.089886678295172606e-01,-4.138177274574211806e-01
4.136617381801568349e-01,5.397426454018777048e-02,-9.088293267347380411e-01
8.072786163580074614e-01,3.177650676847016409e-01,-4.973194117772177236e-01
-5.760794939062178210e-01,-7.328426215277888955e-01,3.620415843146113644e-01
-5.061464440137706244e-01,-3.760755928177663132e-01,7.761333169623506612e-01
-8.363841583282920211e-02,-7.021941961774143259e-02,-9.940190383013408626e-01
5.243791022470242202e-01,-8.337159256250218364e-01,1.730442500801972483e-01
-6.613207301782931813e-01,-4.789907910413502834e-01,-5.772544620304209673e-01
-5.796995839392029559e-01,-4.960518062965035835e-01,-6.464371569229996339e-01
-4.876895111200334199e-02,-9.979749067834077225e-01,4.083717470741199396e-02
-9.383292227521323747e-01,1.934562183223116280e-02,-3.452014146050148002e-01
6.133549006725887986e-01,5.805694875123179610e-01,-5.354762702404309849e-01
3.107576331982717099e-01,8.354927087870244184e-01,4.531904974431051336e-01
-2.948418120631218775e-01,3.295360408795037221e-01,8.969249152637007727e-01
-9.808860632236976462e-01,1.563686386298626663e-01,-1.158075119608374115e-01
-3.474706846529116433e-01,-8.983662908117733270e-01,2.687045419041759753e-01
1.057043417246020384e-01,-9.753529187067593309e-01,1.936834430476034041e-01
-8.015991569770859471e-01,5.602950632353453919e-01,-2.085862738718094467e-01
-5.937136516337169212e-01,-8.993084409153188907e-02,-7.996352563167422600e-01
4.254711443767745793e-01,-5.408676283036037979e-01,7.255594489467781516e-01
-3.957065378441652070e-01,-6.776780236678292546e-01,-6.198135462742397905e-01
-4.439733212170803300e-01,7.854308531972661322e-01,4.312610171268552173e-01
-8.249724673330570690e-01,-5.085266269834046726e-01,-2.466193378291513250e-01
-8.752414636164469464e-01,2.512360597270729690e-01,-4.133192744832429599e-01
5.721543923704761614e-01,-7.874496736425168342e-01,-2.292648310828880875e-01
-6.445907650753192331e-02,-9.445134444023279841e-01,-3.220859835494963574e-01
-4.847641595484281085e-01,-4.347326652345610137e-02,-8.735638412360522409e-01
-7.109785453407178046e-01,4.630757423615296520e-01,-5.292167466185431213e-01
8.476941219533260519e-01,1.647253636480568995e-01,-5.042620649789104625e-01
7.842967193779650792e-01,3.733841319786252999e-01,-4.954421721649560628e-01
-4.692808769314559258e-01,-8.806778428716716123e-01,-6.466835100219463228e-02
5.114951774329155043e-01,-9.360175095991571381e-02,-8.541729307816470218e-01
-2.904518395901024008e-01,7.586708732939857758e-02,9.538773054952500718e-01
-5.264349494032345422e-01,-7.497299551783320748e-01,-4.009628889998549939e-01
9.896801874333748250e-01,-3.913440422147555775e-02,-1.378463819186780126e-01
9.644868725424272649e-01,3.436472317728384712e-02,-2.618857355685422772e-01
1.010429985688502258e-01,4.222466630512485275e-01,9.008318755363294850e-01
-7.812291931301490466e-01,-3.609453051279667424e-01,-5.093127079774225630e-01
3.852011922098266816e-01,7.154358229874715480e-01,5.828993263903876620e-01
2.430782301597793071e-01,-9.626807492939237765e-01,1.189905414782144871e-01
-6.364869801817801820e-01,-5.896513482114551508e-01,-4.971877025947960549e-01
-7.967500006702763482e-01,3.180829403719844795e-01,5.138216416970262657e-01
4.188302710809638785e-01,1.976903852285035179e-01,-8.862842183038419641e-01
9.626632732989267582e-01,-6.712962904300516509e-02,2.622461346634957780e-01
1.381488560156473033e-01,5.957198040329602096e-01,7.912223509636840957e-01
8.575917864853712658e-01,3.675246883528833219e-01,3.598081866827735342e-01
8.774017050749666202e-01,3.233617580195639052e-01,-3.544057298944791601e-01
-7.046483049141639698e-01,-4.493090486529933703e-01,5.491740572715878566e-01
5.437814798681822603e-01,-8.321321685619026409e-01,-1.088933248497579026e-01
2.473964464123461493e-01,4.424291205927147197e-01,-8.620043338371914388e-01
2.237932871910247243e-02,7.641833739129740843e-01,-6.446106861362648210e-01
-3.095672266814591955e-01,-6.133387174732916058e-01,-7.266249031054248242e-01
5.710223580467900240e-01,7.985849262398089232e-01,-1.902513658117664930e-01
8.491338783120689904e-01,-7.399592011737972375e-02,5.229686993584672372e-01
-2.287101635363591734e-01,3.835621005579431531e-01,-8.947467664712458468e-01
4.233576139631957114e-01,1.763394042415986074e-01,8.886353274606563213e-01
2.755238561740889769e-01,-8.009915239271161447e-01,-5.315065223267498862e-01
4.442992153753092532e-01,4.386540154714986817e-01,7.811407439940735165e-01
2.299729075084678415e-02,5.771327479138678163e-01,-8.163264762970198207e-01
-5.946067615260089978e-01,5.570725728877492511e-01,5.797524882945955804e-01
4.527019769796067350e-02,-9.755467355719564804e-01,2.150794641877428470e-01
-7.876338981448979260e-01,5.877161155483481281e-01,-1.849935404759677493e-01
-1.807720964597191171e-01,-2.647788002643365335e-01,9.472136169165521480e-01
-6.823658646764330094e-01,7.310087980872965741e-01,1.721581641940929689e-03
-6.704127797986076942e-01,-5.274697139429543880e-01,-5.218451930943137640e-01
6.734035572735608266e-01,-3.810993821134339710e-01,-6.334752639243880212e-01
-5.262674146803327790e-01,-3.341495891885138403e-01,-7.819121819557655062e-01
-1.166141907641787129e-01,-2.658502245406749176e-01,9.569351015738155608e-01
-5.491415870711628955e-01,5.216052878376817858e-01,6.529712405984920975e-01
-9.341918611481105916e-01,1.840651413251313262e-01,3.056232816942920372e-01
3.923306402001052184e-01,8.457277637120491631e-01,3.616921597806508903e-01
-8.423915594727633405e-01,-2.302095523867718763e-01,4.872166073923671625e-01
8.421354104765290671e-01,-3.775479431254047391e-02,-5.379428649289306197e-01
9.148685924033710809e-03,-6.823264389047838385e-01,-7.309903777187356511e-01
-7.599692738360308564e-01,-6.136214937411856862e-01,2.142787092642946534e-01
-9.734237101745335519e-01,-1.412379955773643836e-01,1.802723192154972454e-01
5.268922488893447165e-01,-5.185926554164367319e-01,6.733841517354396400e-01
5.030697930689949082e-01,3.076836321832490673e-01,8.076209295133713884e-01
3.341823394064726838e-01,1.451361135244612910e-01,-9.312667032487697005e-01
7.609019965456919055e-01,5.996590638986455390e-01,2.478652027554089088e-01
6.684824514704724718e-01,7.433535940015805199e-01,2.359335416936219482e-02
4.286300786681783159e-01,-4.227968428125360445e-01,7.984479227655758571e-01
-5.332787663894701380e-01,8.201487070456814354e-01,-2.072917163068077329e-01
9.619861140388165088e-01,9.986397591221532477e-02,-2.541847806449116232e-01
-7.048927610020351286e-01,7.264475619732853329e-02,7.055841090075358757e-01
-6.804330659901853817e-01,-6.976295028529575504e-01,-2.243299343741965435e-01
1.253499233702664861e-01,2.128938684766797096e-01,9.690013402860196967e-01
-5.006972213469591537e-01,1.176130593891053372e-01,8.575951613649466232e-01
2.642598433676731084e-01,-6.952833926379883289e-01,6.683919053258362553e-01
9.749717167891291947e-01,2.215891890895984873e-01,-1.812133383259339689e-02
2.189710802065433226e-01,-6.064087131095206029e-01,7.644083586003195263e-01
2.670652058286275207e-02,-5.891344872810015953e-01,-8.075935349261462726e-01
6.410407427786158907e-01,7.403125370377864334e-01,2.024947248757762996e-01
-8.797422774086488539e-01,-4.595894820040426487e-01,-1.217827301841265669e-01
-8.316334867630655880e-01,5.352496780613686944e-01,-1.479646100576327006e-01
-8.338294783584969672e-01,-7.116761410766511177e-03,-5.519762247845636516e-01
-7.495269591700135514e-01,-6.604302621059363609e-01,4.517971195168300758e-02
-8.790304163016611216e-01,4.113400376356676769e-01,2.410495813197271187e-01
-1.637944252861894268e-01,-9.864488755171403334e-01,-9.486950834507124064e-03
4.614048297682430966e-01,6.263795037161675738e-01,6.282947559790916792e-01
-4.749578601992923699e-01,-5.268004636810460495e-01,-7.049087192682073066e-01
6.610873842559890079e-01,4.402679777672394157e-01,6.075587034438070244e-01
8.305952755866200521e-01,3.712030535488722860e-01,4.151141785210183954e-01
-2.071136084025482216e-01,3.965686970177594861e-01,8.943361905682406521e-01
7.527489169258413382e-01,-4.778454320756420626e-01,-4.528054892682020216e-01
7.497686971283330504e-01,2.360849286191621654e-01,6.181511201036257175e-01
-4.641129545062720463e-01,5.281358091730765647e-01,7.111059924712761493e-01
6.783111233495359160e-01,4.439766608445253060e-01,5.854730946556262472e-01
-2.422345874402596078e-01,6.136615519473228586e-01,7.514931166080301983e-01
3.021462368616606442e-01,-7.028703960132182127e-01,-6.439571864328863526e-01
-8.306014524539104826e-01,-2.650712502896640510e-01,4.897330491720244816e-01
-3.098029920586783392e-01,-6.956477961479520244e-01,-6.481483239398122542e-01
6.376838084233711346e-01,-7.188381739947549143e-01,-2.768231205707926135e-01
-2.500381536781033365e-01,4.487267510035893303e-01,8.579774033382275844e-01
-5.783938883575802103e-01,5.782754041053431715e-01,5.753764566937032976e-01
4.264466755290248767e-01,2.320587580662570593e-01,-8.742379342804731390e-01
-2.822345664463338788e-01,-6.768088816826726140e-01,6.799068959631899833e-01
1.300240975677372651e-02,-9.904595639688869024e-01,1.371888825053959871e-01
-3.546223393277316283e-01,-8.453472332241966924e-01,3.995385484905342732e-01
-6.003089119374220850e-01,5.119705796431718303e-01,6.144227663655887905e-01
-7.463166430340194557e-01,-6.649371295700239326e-01,-2.949715324585091766e-02
-4.670605995645422115e-01,8.234549146669235820e-02,-8.803826533783587482e-01
-4.660671172473020429e-01,8.515711885771998224e-01,2.400165681906246129e-01
-4.308771675814974111e-01,5.459916544618791390e-01,-7.184970283271366887e-01
-1.231401240297443425e-02,8.109355607042971481e-02,9.966304231069768038e-01
9.824549492035806741e-01,1.409338969474246972e-02,1.859667958327560489e-01
8.776385360155760651e-01,-4.284129308040035555e-01,2.149720000845704582e-01
-4.325428444733803168e-01,8.824395017051654966e-01,-1.849519221993008999e-01
-4.087365540752883053e-01,6.471507077921855311e-01,-6.435296347230110570e-01
-5.368252643422272152e-01,-7.274039685618566287e-01,4.274366644128221315e-01
-1.901356485824147458e-01,-3.500422004603626625e-01,9.172343719219268054e-01
8.354779279585944352e-01,-4.228557789191259575e-01,-3.509552993312863300e-01
7.689635446384328610e-01,-5.376456350362611714e-01,-3.458789356748286914e-01
4.358297202222403688e-01,-8.984108284858536297e-01,5.394847755373637782e-02
-2.078523652467539201e-02,-9.788408885433317330e-01,-2.035644587306786879e-01
6.145735781773565831e-01,-6.880765199386515985e-01,3.858108600278054579e-01
6.866835021670739669e-01,-6.580073821437174564e-01,3.090178844273154812e-01
-3.767936817423038209e-01,6.209374018777413795e-01,6.873596324693499460e-01
-4.183584920719487510e-01,7.390725836665150428e-02,9.052700642747500970e-01
-2.555691607458614456e-01,-8.841767222444539831e-01,3.910446623043329351e-01
7.135933559560649897e-01,4.982204361208255605e-01,-4.925047404512316596e-01
-7.644321309536735720e-01,2.560340011967263130e-01,5.916841280588999163e-01
2.849173860997328278e-01,9.254725858067952560e-01,2.496448998441179179e-01
6.980483978174556459e-01,-7.063875898083327165e-01,-1.172391029872625889e-01
3.124486698706867016e-01,3.611438147173942070e-01,-8.786074059484172416e-01
-8.851522232384546607e-01,-2.932256121977571128e-01,-3.612814443716578228e-01
3.709355167414816329e-02,7.169809729880499694e-01,6.961051305638442654e-01
-2.250407873591350472e-01,-3.018965159050668312e-01,9.263990164659946513e-01
3.286764102859909276e-01,2.875518912082645762e-01,-8.996030942499394500e-01
-2.503604361956181523e-01,-7.505795552498614187e-01,6.115144996063953675e-01
-9.851613690941148083e-02,-9.658428119250047628e-01,-2.396710942547007062e-01
3.326284271972440587e-01,1.026631154771448368e-01,-9.374532597099518583e-01
8.085924978192300383e-01,-5.605398780900360256e-01,1.788105632821110347e-01
7.872674388264774281e-01,1.446853652951544111e-01,5.993964671509218745e-01
-8.886785087327990773e-01,4.239975600371621578e-01,-1.745754198018192593e-01
7.382788209672361823e-01,-7.012950665236723780e-02,-6.708399472362411853e-01
6.444945950760149200e-01,-7.618339455840570373e-01,-6.508268797177794995e-02
-5.759414410126548756e-01,-1.475852537192327563e-01,-8.040584863110993297e-01
9.664559869360805910e-01,-3.649564456162739112e-02,2.542260671989354792e-01
1.636465137683123794e-01,9.683352390053090453e-01,-1.885382810784279051e-01
1.580502472468376940e-01,-9.864646123817027989e-01,-4.367708625618656193e-02
2.226469224113099554e-01,-1.720991603178542995e-01,9.595885717111586333e-01
-3.643797594439200926e-01,2.590886402571836444e-01,-8.944833522191872888e-01
-9.412674191003581048e-02,-3.869043993920159852e-01,9.173031898933443617e-01
-8.962007441550249309e-01,5.493786300626312541e-02,-4.402340938458591535e-01
-2.666659525480727932e-01,-9.634257767517835358e-01,2.645831517409528294e-02
-1.515832476037838050e-01,9.313386074810751925e-02,9.840470532591629738e-01
-2.763988593957206197e-01,9.601016817876629750e-01,4.252565288441467750e-02
-9.648283184957221481e-01,1.882261929847869886e-01,1.835135311173839157e-01
4.081709083638165869e-02,1.740342611073845969e-01,9.838933077607864286e-01
5.736862614603207566e-01,7.266184910799656782e-01,3.780339162460881752e-01
-7.848672571359263106e-01,1.564238084839990328e-01,-5.995956811179420365e-01
-5.375803462975816682e-01,-8.416745347154366286e-01,5.090529330163658800e-02
-3.029758169083392461e-01,9.416098060604791709e-01,-1.468898481838385728e-01
3.588924528581993734e-01,8.445275247579959732e-01,-3.974537296435367018e-01
5.391446416918601603e-01,5.159659347497858040e-01,6.656592292703044089e-01
-5.913363458256728489e-01,5.893632514287002744e-01,5.504291816127946380e-01
-6.545021641033613724e-01,-4.682211209668837859e-01,5.936294290755231851e-01
-8.155144189530816323e-02,-7.690105119331698269e-01,-6.340127718438172133e-01
5.483808913478480651e-01,6.608532007636174210e-01,5.123977410615913053e-01
4.896376521937798598e-01,8.699386132696870222e-01,5.883688211128107470e-02
-4.390114000913227232e-01,8.544101952976999037e-01,-2.779428156315660314e-01
-9.115138781012441793e-01,2.110371742182755306e-01,3.529954123310886649e-01
5.812574992836997412e-01,3.336530331054199383e-02,8.130353473628654237e-01
1.737590843357100789e-01,-4.063398238098556714e-01,8.970483421739272600e-01
-3.585615870559593632e-01,-9.306342000381631063e-01,7.316812152324154994e-02
-1.695998826152372574e-01,-8.779852936384169304e-01,-4.476356821920707829e-01
2.956942017816515667e-01,9.430253232669475461e-01,1.525391055106228855e-01
6.465689553469651241e-01,5.193233031070380035e-01,5.587950365129683572e-01
2.039072308757698404e-01,-9.681369683518069591e-01,1.453707388271380518e-01
-4.438708916856654030e-01,-8.212892430970387680e-01,-3.584168113904050434e-01
-9.816414302998190955e-01,1.344216327794876542e-01,-1.353178737633064788e-01
-6.920090340674970308e-01,-7.189645954216037360e-01,-6.491076412444685140e-02
1.941698844506911182e-03,3.725129106241837351e-01,9.280249787715286747e-01
-6.356381823467653902e-01,5.662132579060352722e-01,-5.247538925194684678e-01
6.706068509136167144e-01,-7.388777551561119539e-02,-7.381240059346917404e-01
-8.951844281640881640e-01,-3.122023872457913019e-01,3.180794067061923358e-01
8.111844025435477334e-01,-5.661598053662195706e-01,-1.464340802468870051e-01
4.872528657261802620e-01,8.703444407509238756e-01,7.131058333505775615e-02
-1.604216410617758382e-01,8.973061928597911852e-01,-4.112255990749041912e-01
7.721707213609484421e-01,-5.980532223329150243e-01,2.146735203282633675e-01
-3.691133505292632511e-01,8.727133481497202638e-02,-9.252778223758927334e-01
-6.300535622026215421e-01,-7.322105768696209882e-01,-2.586506908478000688e-01
2.667398691725099691e-01,-2.869178763983277203e-01,-9.200695486738521556e-01
-4.882889415652656440e-01,-1.901564828920917008e-02,8.724748217944249262e-01
1.679494594071472557e-01,2.525921809285008313e-01,-9.528851815505530176e-01
8.067870849025673419e-01,3.068928551718534403e-01,-5.048874875443888355e-01
3.580409753815195772e-01,-9.129928675405759586e-01,1.955778202350317019e-01
3.665199445804879358e-02,-3.254985326467630391e-01,9.448319091494801203e-01
-1.891133634827668331e-01,6.578003976940041686e-02,9.797495200918298064e-01
9.794075049669764832e-01,1.818932547974785319e-01,-8.761154646244595501e-02
8.346218685476898269e-01,2.400807884549778226e-01,-4.957494846762814378e-01
-4.206190094533533430e-01,-7.802553063625620178e-01,-4.629052881308921008e-01
-7.790946987929133760e-01,1.058534588027354312e-01,-6.179049243793718338e-01
-6.900493178604785172e-01,7.064733012068111773e-01,-1.572495265564845535e-01
4.645160857572686042e-01,2.675161840603464403e-01,-8.441918605024195665e-01
-9.375477298286852834e-01,1.333418135034784568e-01,3.212852549755160769e-01
-8.353225455584668557e-01,-4.814375919828847716e-01,2.654318931617758448e-01
8.562109976503774478e-01,4.790551624405349207e-01,-1.934137503943766934e-01
2.711484448269517733e-01,7.301787861445226957e-01,-6.271502699771697165e-01
-7.144971473258965311e-01,-5.154002323036132038e-01,4.731346816758816298e-01
1.058788305612478331e-01,-7.017584160567200691e-01,7.045032283336577494e-01
4.838299405004186093e-01,8.525270578868410221e-01,1.977528868213261903e-01
-7.920918947531043752e-01,1.020958358550738410e-01,6.018030164160782514e-01
-2.644350003668523019e-01,8.627237866090995411e-01,-4.310241276307390512e-01
-8.726713472195979371e-01,-2.697854130010174933e-01,-4.070141897695980227e-01
1.405929707492118708e-01,1.238302751225441034e-01,-9.822930721220558548e-01
-6.724760752574560074e-02,8.329782522843384163e-01,-5.492039607499132892e-01
-2.694450278409635247e-01,8.173742111508431885e-01,5.092138803266454961e-01
9.592529435264230964e-01,1.453038918502252697e-01,2.423232744683656570e-01
-7.130030267741417349e-01,-5.129887483210142374e-02,6.992818525114697925e-01
8.115008454333642041e-01,1.865783404120315569e-01,5.537643007182994070e-01
4.862158285232164312e-01,-4.234706023515812379e-01,-7.643734800720596301e-01
9.677960360363542236e-01,2.490868007943171647e-01,3.642249720120933898e-02
8.141111992723860935e-02,5.195134132309491282e-01,-8.505751248568945710e-01
1.732783095902709625e-01,-8.854502641705405130e-01,-4.312220508112476480e-01
-9.366952716925558420e-01,5.456896613429439158e-02,-3.458673097068340474e-01
2.126759370662229254e-01,4.699366149326878461e-01,-8.566962844197529847e-01
6.674643540918258344e-02,2.096515638924514313e-01,9.754953280860023668e-01
-1.487386458600661399e-03,-7.183272445499362391e-01,-6.957037856867094305e-01
6.385844211469350329e-01,-4.737497919971927485e-01,6.064413175658880384e-01
-7.162728336356957715e-02,-9.680701841973566868e-01,2.402283304401269803e-01
-5.671357818899501468e-02,2.369314241855575154e-01,9.698696150939073446e-01
6.562013309509735492e-01,-1.116382467743000928e-01,7.462819273674869969e-01
-3.006109570935369332e-02,7.631006440252894318e-01,6.455801558388716277e-01
9.655217913321370027e-01,3.449686425131971712e-02,2.580264265915550581e-01
5.803097158741091777e-01,-5.182354015321136709e-01,6.282298164373922855e-01
-6.767561335390939181e-01,1.370653756052501726e-01,-7.233354813137593542e-01
-1.203558703619457687e-01,-5.987390422472208540e-01,7.918497482214028604e-01
2.628834669796988321e-01,-5.823851935754256193e-01,7.692332345217850476e-01
-2.816808476012443996e-01,9.592675522480432759e-01,2.148635145137295713e-02
-9.544577187801929208e-01,1.991486103182585066e-01,-2.221492607892643356e-01
-5.189403287172048573e-01,1.941448805737609196e-01,-8.324714412986667922e-01
6.146703733569738315e-01,-2.214767752336058992e-01,7.570524223257736329e-01
1.904981735619827032e-01,-9.762982368543694500e-01,1.027238949057040218e-01
-4.030668980961298886e-01,-7.722817656017538779e-02,-9.119061817996161334e-01
9.244875048525756922e-01,-4.181406130404127092e-02,-3.789121766962901816e-01
6.834383550775534610e-01,5.729047309494088580e-01,-4.524292033729404028e-01
2.040637174101848084e-01,-4.902199583631042246e-02,-9.777294324919144630e-01
-4.338385244063245327e-01,4.804875679684925682e-01,-7.621783464312447132e-01
8.838131879847906935e-01,-4.586741753281456391e-01,-9.215340271095009972e-02
-4.832642895867126365e-01,4.917326263885787863e-01,-7.243304843476079391e-01
4.272468106864399928e-01,2.094207146238972195e-01,-8.795471147384211763e-01
-5.943608149761943071e-01,2.980195439715110362e-01,7.469401401932063145e-01
8.013188506859528770e-01,5.591898004327441329e-01,2.125908432349128130e-01
-5.851071803144282102e-01,7.867434125285561741e-01,1.966834776675994434e-01
-1.672882873469125342e-01,-9.650718092327942310e-01,2.016210106627731036e-01
-9.676746029749698774e-01,-1.602501934269080497e-01,-1.947453164106213441e-01
-4.104073302416678670e-01,-9.080784434435944519e-01,8.342280166096886773e-02
8.831365097120027485e-01,-2.104136117189817426e-02,-4.686439654297656632e-01
-2.386984520875000404e-01,-9.028690628216456959e-01,-3.575618888676398988e-01
2.529162223152273126e-01,-6.313483117612063156e-01,-7.330980109958484814e-01
-7.154504567776089896e-01,5.590340593317241202e-01,4.190603350399617621e-01
1.429433016883007168e-01,9.619563465407913183e-01,-2.328243970299085086e-01
5.772189276133630198e-01,-7.182266259747592807e-01,-3.885470670919961567e-01
1.111176517312436468e-01,7.977151315533758114e-01,-5.927085593818554043e-01
-5.063488211304376652e-01,8.505153586801312837e-01,-1.422480087348282074e-01
8.581805840750748038e-01,-4.945850045487162339e-01,1.375200290579875750e-01
9.247024833278186806e-01,-3.790870826580562958e-01,-3.490417008280031347e-02
8.049343181349982723e-01,5.213568075444360295e-01,-2.833157650319149679e-01
5.735334069488141617e-01,8.177768281139604634e-01,-4.796342891783220846e-02
4.623373823509568936e-01,4.753939619265167282e-01,-7.484949738272624886e-01
-1.610204574659532817e-01,-7.591975311335699694e-02,-9.840267289889345070e-01
5.412511133530284457e-01,7.017914445673918422e-01,4.631803111382438165e-01
-5.160460180067630853e-01,-1.998929149485712542e-01,-8.329101571314441177e-01
-3.146723029477518918e-01,-4.561771425788360146e-01,-8.323963937609091257e-01
6.659981301149814348e-01,2.878301723992015559e-01,6.881862266421742147e-01
5.796312171118898071e-01,-1.362368214327189242e-01,8.034097215215277865e-01
-7.809766334047941738e-01,4.845433769284798187e-01,-3.940725998473618708e-01
3.069370707729777159e-01,1.236267527342498236e-02,-9.516495147087439266e-01
3.020766499740988320e-01,3.486569136783052025e-01,-8.872361884440606028e-01
2.813339114775374461e-01,6.303646798807545082e-01,7.235271941064709278e-01
-8.727612999641917169e-01,-3.765740131712195238e-01,3.106118572896665597e-01
-2.557047971815847309e-01,-4.778418590208258210e-01,-8.404059819312603707e-01
5.433088086198882838e-01,7.982129208156567568e-01,2.601377933307183477e-01
-9.564542810814047336e-01,1.590573373110624744e-01,-2.447365351731699279e-01
8.152354878755971868e-01,-4.967691615519307380e-01,2.976768372568292520e-01
4.366805176861615623e-01,2.768067215666248915e-01,-8.559720581706409259e-01
9.062256074556587215e-01,4.963999278169170526e-02,4.198702412749155122e-01
6.704649681533568772e-01,5.002656899456535688e-01,5.479151083355132679e-01
-5.834541675266016192e-01,1.961178284219062540e-01,7.881110529429947720e-01
-2.205279507222590585e-01,2.146902658433125777e-01,-9.514596747641850261e-01
-9.818698590228888134e-01,5.479331868752813223e-02,1.814642448792033458e-01
-5.246409622293314312e-01,-3.474177872722229443e-01,-7.772083001602296815e-01
2.652751864590701669e-01,-3.296221284210991698e-01,9.060785440039124117e-01
-2.341502740251234782e-01,-8.923040250642159110e-01,3.859626614429932934e-01
-5.087916195485104875e-01,6.479820764547835621e-01,-5.667894816160148341e-01
1.382690577772373031e-01,-9.252834724433686153e-01,-3.531744091586151990e-01
4.598364300734512633e-01,4.291392670252950903e-01,7.774252035239764824e-01
3.511289698547154225e-01,-9.175348691754472430e-01,-1.866499675219938370e-01
4.546797143439592626e-01,8.788751261269704962e-01,-1.443775260883683464e-01
3.784509432224698183e-02,7.227039439044499192e-01,6.901208287689148957e-01
7.874956234083654305e-01,2.972565514792563368e-01,-5.398973844309030712e-01
-2.154291975963242567e-01,7.383458101268742801e-01,-6.390897632501195691e-01
8.282187089608492592e-01,-4.809784308207210590e-01,-2.875995813843635895e-01
-3.002844218906922658e-01,1.981648164522236411e-01,9.330380332495719076e-01
8.821180024797123931e-01,-4.710034139592867986e-01,4.859397071518822657e-03
-6.070280101469943679e-01,6.061498751723136680e-01,5.139059483267041095e-01
-4.499314566112957992e-01,2.682600007161876562e-02,8.926600977257777014e-01
-7.608012680054355714e-01,-6.182491962477155711e-01,-1.973559270464786686e-01
1.386458078412269312e-01,7.894658381612906783e-01,-5.979306233538672632e-01
5.500723852814169978e-01,-8.296522168652399332e-01,9.538118263790504314e-02
1.401485803578834677e-01,6.982443856358006018e-01,7.020065194510328732e-01
-8.021355516160576515e-01,-5.054761297287759664e-02,5.949987358443268315e-01
-1.664303945228350623e-01,1.577783573544807921e-03,-9.860519430425399579e-01
8.255299069354633534e-01,-7.439478817441209924e-02,5.594334529214439744e-01
5.304700619144372964e-02,-6.213572003189901105e-01,7.817296493966895410e-01
4.565241826286048354e-01,3.193988039141250068e-01,-8.304035613685134543e-01
3.728047939331013971e-02,8.064063669405783230e-01,-5.901855108471422140e-01
5.913933414812271305e-01,-6.959563410465890998e-01,4.073066252943993160e-01
5.759234864014980415e-01,7.861827438235532428e-01,-2.241178955933969541e-01
8.186453922301941688e-01,-2.369129811335115854e-01,5.231557714015052651e-01
1.431414502810167688e-01,9.516151591217598682e-01,-2.719174767114367897e-01
9.386772027251994999e-01,-2.877433707469632118e-01,-1.899706863575807148e-01
5.183928263804097325e-01,7.355226838984025850e-01,-4.362055238396469470e-01
-1.207699822155747643e-01,3.947568988356882635e-01,-9.108137033539185357e-01
7.917924897214414504e-01,4.562576820670860567e-01,-4.060709060933704873e-01
3.732721817590908819e-01,2.335947381675608781e-01,8.978314856504180375e-01
3.013071620326897571e-01,-8.519614888736046776e-01,4.282237914736606865e-01
-2.034171434373099885e-01,8.252064485981362996e-01,-5.269305295272389555e-01
2.168524110872680488e-01,-9.465161604964860143e-01,-2.389187931591586767e-01
2.892866672933380179e-01,-9.236235657622446915e-01,2.514611956047096419e-01
8.425813958106640467e-01,2.906140905125557117e-01,4.534314080754807685e-01
-8.225260480822400577e-01,3.237297074640466676e-01,-4.676002317487185089e-01
2.583160959889003183e-01,-2.916050282298876528e-02,-9.656202460740784810e-01
-1.355443374804973268e-02,5.368704604919527501e-01,8.435557989706006232e-01
-6.308665422619863516e-02,-4.648849364992286293e-01,8.831206428765281391e-01
-6.614231464913870873e-02,-4.438633215233652174e-01,8.936501250596343704e-01
-3.036360172674423819e-01,-7.857906934844418601e-01,-5.388303583236614402e-01
-2.885737973196816908e-01,-1.365424031929201587e-01,-9.476715336184795557e-01
6.487847842896226069e-01,-5.472204164086627021e-01,5.287987514544618683e-01
-6.130863116338489682e-01,-2.090366808338558688e-02,7.897393311389921955e-01
-6.103643115774886052e-01,1.784738072178457258e-01,-7.717528796769762556e-01
6.939227084483295949e-01,2.545084678799909295e-01,-6.735701258793432844e-01
1.490656343720697941e-01,-9.810911057971247740e-01,-1.234490938606978561e-01
-4.337437203049724355e-01,-8.959679428962337155e-01,-9.543495375538883774e-02
5.438291775933619121e-01,-8.018735277142957640e-01,-2.474846887166123888e-01
-3.806062714529908630e-01,-2.683932654230865023e-01,-8.849315912578693544e-01
-7.846061601715615952e-01,6.113600380855379601e-01,-1.031119646446869986e-01
-1.315223033882298997e-01,9.910934695809826556e-01,-2.087147012992682585e-02
-6.672433124972024787e-01,-6.269632062514612914e-01,4.021237370942531975e-01
2.218325164488835488e-01,-9.380335315475133440e-01,-2.662394192047004560e-01
-6.171261642730669489e-02,-5.280195755946021086e-02,-9.966962958953872187e-01
4.303237195974080054e-01,-4.963332872617683411e-01,-7.539726548806516826e-01
7.946613339994389458e-01,-5.991590185649566802e-01,-9.757988890396386561e-02
-5.812237339499948252e-01,3.252748169353499308e-01,7.459056673339464760e-01
-8.863874919653962348e-01,3.819736574688072928e-01,-2.615594370065756902e-01
8.716492083658073931e-01,4.669026075670950626e-01,1.490959845277812224e-01
6.113278606102601209e-01,7.648444390544191229e-01,-2.032024381970191362e-01
2.459836881614890780e-01,9.690517627082219088e-01,-2.075346598906635878e-02
-9.878296538992716869e-01,-1.281510935646620539e-02,-1.550107991380823835e-01
7.944084912950289956e-01,5.566983767424330543e-01,-2.429034093846687836e-01
8.851142302422970731e-01,-3.079852396338365605e-01,3.488809131928458651e-01
-9.502065059013214965e-01,2.238023546450677304e-01,-2.168411911932904834e-01
9.299741233983087330e-02,-2.960642623569328391e-01,-9.506300194361319011e-01
4.474253899383321548e-02,9.611263368409707075e-01,2.724596664371484733e-01
-4.999562615069511051e-02,2.481910778610237345e-01,9.674200877777879848e-01
8.960321551810066509e-01,-2.425256404587747966e-02,4.433262794137982077e-01
5.382550856002363826e-01,-5.664785186843506182e-01,6.240060502067796833e-01
-4.266399660119558623e-01,-4.389315493505698829e-01,7.907701526904170608e-01
-5.741707506648343617e-01,8.180732546647127013e-01,3.292565995184865146e-02
-4.071144678401825701e-01,-5.540607679872667779e-01,-7.261366782173761525e-01
3.509375924283544279e-01,7.522691891155568467e-01,5.576144486363427966e-01
-6.702803227847978218e-02,8.783441003826449878e-01,-4.733063323175351056e-01
4.955093585620372609e-01,7.829603225926715648e-01,3.760898946036945190e-01
3.913939185003574850e-01,-4.680507961016734386e-01,7.922999765426761432e-01
1.636180414916721393e-02,6.386237125000570128e-03,9.998457417723835006e-01
-5.100503668359444021e-01,-8.521890427629459364e-01,1.167152889954538447e-01
3.223251744015180886e-01,9.166406923196563916e-01,-2.363817318042403803e-01
-4.354989312469408347e-01,7.101945653538678238e-01,5.531404525295570140e-01
6.751742148773532959e-01,4.685899101637453490e-01,-5.697045511995515454e-01
-3.753160403256363686e-01,1.787854744423068576e-01,9.094908597686535145e-01
-9.232649338523690741e-01,-3.651850275222245923e-01,1.192550107633744555e-01
9.181470772942427194e-01,2.672500273605101229e-01,-2.925463507409487574e-01
-9.534114346786456418e-01,-2.916975048597793552e-01,-7.693634955328736147e-02
1.845375728453628461e-01,1.205649699679015863e-01,-9.754024667925447201e-01
8.562611091287807286e-01,4.011957115028896292e-01,-3.253596687747891680e-01
-4.760282418062001808e-01,6.898935332886717564e-01,5.453842917882492092e-01
-2.043999549107072267e-01,6.303628468351474279e-01,-7.489080983421056992e-01
8.861311574675246883e-01,-4.154836318879605028e-01,2.052922877227849330e-01
-3.443884127450549948e-01,9.128481915361011945e-01,2.193280656373263471e-01
8.699902046648438914e-02,8.131475817116393667e-01,-5.755190533721582513e-01
-1.029086663998219665e-02,-3.565465790297348558e-01,-9.342208705900287846e-01
6.617997480153238188e-01,-7.163232051262573563e-01,2.211383262225250501e-01
-2.507376233809688881e-01,8.880058702679475280e-01,3.854558581613836132e-01
4.037640764943853378e-01,7.017733017918188487e-01,5.869316854837921538e-01
3.894372323273684877e-01,-1.009950130242236455e-01,-9.154991258441682600e-01
2.995490861562786211e-01,-6.975278270326790153e-01,-6.509418372619840687e-01
9.452329303278934614e-01,2.946299345073049580e-01,-1.404560753971316189e-01
6.591855555200708539e-01,7.519788877557174178e-01,1.468251807380883131e-03
1.788152238549439721e-01,9.737238195013848685e-01,-1.410214134567540911e-01
-1.524019803184085975e-01,4.281347583800237389e-01,8.907717244400531476e-01
9.866544877744660713e-01,1.006498710784523853e-01,-1.279942389578405393e-01
-9.602684260806700900e-01,-1.260398981190272438e-01,-2.489949677296667274e-01
-8.704728750497879863e-01,-4.726147022499542771e-01,1.375220601203433479e-01
-9.181086944138774353e-01,2.983659547177711646e-01,-2.608719653527346027e-01
5.723220148132711627e-01,7.229564729235395948e-01,-3.870160844435705516e-01
2.547262328603828833e-03,8.994156254268633743e-01,-4.370869984255233986e-01
-2.276417137958679227e-01,8.113854481891057402e-01,-5.383613141813258229e-01
3.109689019646491581e-01,2.175187611885522898e-01,-9.251939961661543865e-01
-6.913197459831018632e-01,6.514326663167240294e-01,-3.125899711592541874e-01
-9.975800755535584319e-01,6.759451020316067926e-02,-1.627805421268785704e-02
4.483866193973627401e-01,5.360349230480050409e-01,-7.152733748842632355e-01
8.852232802900975583e-01,-4.634282614278378842e-01,4.017450114700770597e-02
4.806506979628293319e-01,5.298528576002533574e-01,-6.987351829131623893e-01
-9.888899930330619092e-01,-1.102551489243131788e-01,9.970147348333484316e-02
-3.531900596945927034e-02,6.805404048965947306e-01,7.318588150186540187e-01
-2.902077751346751611e-01,-9.344315624615804339e-01,2.064391007706420089e-01
-3.983685768416825312e-01,7.851410406749308457e-01,4.741898599010941906e-01
-4.199683064249467579e-01,-9.072044035550999030e-01,-2.463314370512797655e-02
-2.453134758499285750e-01,5.558888691225222223e-01,-7.942347661441859774e-01
-8.146862140156373444e-01,2.908945781149953058e-01,5.016639483919149711e-01
-2.101133209647713940e-01,-5.916859922744320821e-01,7.783059031636440084e-01
-9.960094988778162017e-01,-3.929768030346233315e-02,-8.012971026983979617e-02
2.397052445704171142e-01,9.540558557147439389e-01,-1.797743582990750655e-01
-9.763202227016464230e-01,-5.899895842245928002e-02,2.081296366423401045e-01
5.493236947051830521e-01,7.747565388730081049e-01,-3.130427828731464079e-01
-1.587903702312201404e-01,1.021676001679899387e-01,-9.820119142850284311e-01
9.084378246862531148e-01,3.017113491307717998e-01,-2.893284992616486639e-01
4.946554074999570116e-01,7.569146831327550062e-01,4.270786699064853531e-01
2.906426965342599478e-01,-7.750522818719997042e-01,5.610889263889463630e-01
-4.595413562766038074e-01,7.085452083618010155e-01,5.355235098284590878e-01
9.380681460384749926e-01,4.242634771538139615e-02,3.438432177715184390e-01
5.834608603795523596e-01,-6.646807345905511033e-01,-4.666614891645953778e-01
-6.729067416826931547e-01,4.059729022797964881e-01,6.183708592847014796e-01
9.985465253829669541e-01,5.340127721587815957e-02,-7.289735064915384144e-03
2.025514556480006653e-02,-9.520795813057472690e-02,-9.952513118739182429e-01
-7.140803330738787480e-01,6.864935509540960323e-01,1.371709969911079352e-01
-1.196977322858794601e-01,-4.375768191280652863e-01,8.911784222294557578e-01
8.750833492565286420e-01,-3.957543883577968602e-01,-2.785813991448862215e-01
-4.960334323899545095e-01,-3.997947576738460074e-02,-8.673825427507781960e-01
-6.985188643789775886e-01,-6.435710324813765926e-01,-3.128701364105531679e-01
-3.162721151030942202e-01,5.529816798132858313e-01,7.708328035307603354e-01
2.210719861997424984e-01,8.036883035945765474e-01,5.524602135746725651e-01
3.748029455343476757e-01,-6.366002584972488831e-01,-6.739902543064052454e-01
5.627064360703682988e-01,6.748008286184677962e-01,-4.774990141359600204e-01
-7.735148992261137169e-01,-1.572701087077202631e-01,-6.139550582756664321e-01
-8.143732989584151483e-01,-1.709879052297615110e-01,5.545802612866110870e-01
1.100281219720539022e-01,9.895542682718512228e-01,9.314592057768186772e-02
-4.944195861406677078e-02,9.958065278110036500e-01,-7.697305955590928728e-02
5.149870906416661454e-01,-6.755390181188700716e-01,5.276697181679324000e-01
-3.728927950986146017e-02,-6.334045550704973104e-01,7.729218454990005593e-01
9.099022829536792534e-01,-3.561768003757696532e-01,-2.126403591742687949e-01
5.061389696204964261e-01,3.297175212833391295e-02,-8.618214472807520510e-01
1.902967506750784799e-01,-2.572972655638677830e-01,9.474097655269674290e-01
8.437413667634037495e-02,7.298124608806068059e-01,6.784207964114272738e-01
8.988474553689108637e-01,1.891956536024645419e-01,-3.953204480352237593e-01
2.024521697541069309e-01,-9.665849278649720766e-01,-1.572472454007420306e-01
9.777344887507778415e-01,-4.288696534963411938e-02,2.054165955086253992e-01
8.815646302131818768e-01,5.960404745435785717e-02,4.682853406675833718e-01
-1.104934886589024889e-01,2.690226152058005082e-01,9.567748018587325376e-01
1.131337698322765067e-01,-4.391584467312108914e-02,-9.926087591343246697e-01
4.689547116462330356e-01,-5.848282121225180374e-02,8.812838578164553516e-01
9.033504048963327815e-01,-1.043223196163474698e-01,-4.160227152494152536e-01
-5.365391494497070424e-01,6.362158866390900114e-01,-5.543961459965442984e-01
6.081111271979324773e-01,5.474960653750091666e-01,-5.748468625442291202e-01
-9.640996258372288574e-01,-7.336125201426862974e-02,2.552058740770169476e-01
5.167116472817613326e-01,1.498137888331141088e-01,-8.429501184760790355e-01
4.910622741237880562e-01,-3.597654880057400972e-01,7.933641260936652451e-01
-4.109409997478966070e-01,1.347156581816750728e-02,9.115624013969674255e-01
-1.716554100422987839e-01,-4.327343367886462566e-01,8.850284820090824622e-01
-9.863687627170738548e-01,9.772521361171544740e-02,-1.323874864197268908e-01
7.707674694303248142e-01,6.191302637466667980e-01,1.503170801371425946e-01
8.744452836424082554e-03,-3.678645233674256079e-03,-9.999550000444202835e-01
3.472286396415213972e-01,-4.965439684820236454e-01,7.955352658284996492e-01
-8.514418964692637148e-01,5.211295261187380845e-01,5.891276554434787122e-02
-6.258574582884703918e-01,3.187845154415197557e-01,-7.118137920969295207e-01
-9.388367521731292298e-01,1.546137415334430942e-01,3.077013872215076939e-01
2.269907923239575798e-01,-9.088783137566711634e-01,3.498791090976598461e-01
-8.377001498188360040e-01,-5.161166192584405454e-01,-1.785555776746764467e-01
3.837012344242103357e-01,8.494508667784649303e-01,3.622244989376778301e-01
-5.747340413588124530e-01,8.161616488003387015e-01,-5.967365189829983846e-02
-2.999759429750128992e-01,3.425327242393529925e-01,-8.903290214642107792e-01
6.704000644542302823e-01,7.376435710400036649e-01,8.028521459842559438e-02
2.236706151458291991e-01,-5.917369297200444356e-01,-7.744797362912612115e-01
-9.402576147467320844e-01,5.608852486805931264e-02,-3.358119939622631334e-01
4.108097712642452826e-01,8.802128029492480854e-01,-2.376147162068176222e-01
-4.407694104293358173e-01,-8.564682855194963862e-01,-2.686715517673392561e-01
1.116582910536090406e-01,3.006007408429424710e-01,-9.471914382233729279e-01
1.610875868691226398e-02,-3.576333886994073619e-01,-9.337231212629070187e-01
-5.846896676471066145e-01,-7.981203588018507267e-01,-1.454024945202834207e-01
6.804515500017627172e-01,-4.812476009024456158e-01,5.526178016729457187e-01
3.523185656619604728e-02,-3.211248686817876341e-01,9.463812841540155674e-01
1.093432942735680369e-01,4.399227964007210168e-01,-8.913540134000484949e-01
7.758463080079979202e-01,-4.543341462160196964e-01,-4.377704763143799305e-01
6.154452446723391867e-01,-5.718794566415430491e-01,5.423845848487751642e-01
6.706059028864563842e-02,-8.905542805166655196e-01,-4.499066021782552882e-01
6.802584952924803918e-01,5.525088131867258445e-01,4.816455033875081670e-01
-9.676528443194344353e-01,-2.388424170349097986e-01,8.125437037741919943e-02
2.548850492872842960e-02,3.979574802083279961e-02,-9.988826930906152812e-01
5.727004226572042327e-03,-6.235112643004812050e-01,-7.817933900417707305e-01
9.813697194409866098e-01,-4.659343441074341452e-02,-1.863934699342518486e-01
8.387735543631565927e-01,4.511402493644183775e-01,-3.048465186030620000e-01
9.286662545491403131e-01,-3.294044432384390930e-01,1.705042534262571352e-01
3.538258235593998990e-01,7.511582626702222321e-01,5.572867762694230231e-01
-6.501042561496662708e-01,-4.945709135562807446e-01,5.768570599378972652e-01
-3.682311090176997870e-01,3.145702948149650124e-01,8.749007829300536887e-01
4.911056771307982793e-01,8.498602475220183861e-01,-1.911877966077173419e-01
5.195807044880528247e-01,-7.806550991102196857e-01,-3.472945547469926675e-01
-6.694223569657065109e-01,2.039507661482324319e-01,-7.143373103667671753e-01
6.110594802243201479e-02,-9.181109543137717655e-01,3.915843953547373801e-01
5.325399351924927638e-01,-7.591471783718445332e-01,3.742950427072774811e-01
4.902226000819708829e-01,5.757554871312823286e-01,-6.543603146639408452e-01
-7.630178817502875077e-01,6.461317978225794567e-01,1.781605938095857239e-02
7.890461454422774690e-01,6.137097391551831205e-01,-2.768639428963829557e-02
-9.531859233329682546e-01,1.780258199663134824e-02,3.018603379613327142e-01
-4.390352666173053531e-01,-3.296372598420878597e-01,-8.358153573547636439e-01
-5.613355931647666663e-01,-3.368649086182494146e-01,-7.559261770754985843e-01
-6.483338850796384056e-01,-3.010490963224050076e-01,-6.993086693735502957e-01
-8.433913855260998238e-01,-4.646805116459932217e-01,-2.697461638592545397e-01
2.141469507744861167e-01,1.102970470145679949e-01,-9.705542977566251617e-01
5.310688777645421466e-01,8.146846765271871238e-01,2.329264366741191639e-01
5.063989935574352286e-01,7.743943226638810851e-01,3.793065941292946275e-01
8.512137013554090803e-01,7.629347258624595562e-02,5.192442013788467481e-01
1.257350290153930183e-01,8.883219727536049160e-01,-4.416727014449071675e-01
-1.942909832695936534e-01,8.635122230215968031e-01,-4.654005312764849522e-01
-6.125587580422651168e-01,-4.026737304151059016e-01,-6.801658876915986918e-01
-5.286397715819857179e-01,-3.613575934809193368e-01,7.680889802200163707e-01
-3.209702222293345231e-01,2.714166694818451186e-01,9.073649254679367893e-01
6.649714327106002187e-01,2.126687911551931320e-01,7.159504025750670353e-01
-5.130140380704862890e-01,-8.337626370396118425e-01,-2.040991470324310941e-01
-5.035169759694925196e-01,1.809933790665028130e-01,-8.448148031637624511e-01
6.726854234582969605e-01,7.359508518302683155e-01,7.662026335790206311e-02
9.253549276781176669e-01,2.737002361368304770e-01,2.623098140757774699e-01
5.191127390514712614e-01,-8.155617951356930462e-01,2.556969348066670533e-01
-2.499801582773427677e-01,-4.385969362624321799e-01,8.632164548760886680e-01
1.727762579624605652e-02,9.921168772398157865e-01,1.241192392127883209e-01
1.602701847858070128e-01,9.834100290306854175e-01,8.495988859803055293e-02
1.248290938939145556e-01,-9.512873070540314169e-01,2.819045170895867480e-01
1.799359641082168837e-01,-1.252000529384438843e-01,9.756782233731864373e-01
-1.447801729510951874e-01,9.558272181390645716e-01,-2.557988088025199835e-01
-4.025710359054679444e-01,-7.334723642144562739e-01,5.476813416427974701e-01
9.568980588062352410e-01,2.009609630919053092e-01,-2.096683008135299120e-01
-2.371221078315819547e-02,-8.014081727761586116e-01,5.976476149599810883e-01
-2.953355232208595416e-01,5.922869198009074188e-01,7.496486732841023404e-01
-9.817075492464463204e-01,8.486658122656370873e-02,1.704345949138583172e-01
2.471269485657125731e-01,5.611708154287572414e-01,-7.899465723728557043e-01
-9.662383181744351734e-01,-2.062628897633707603e-01,1.543992642401587345e-01
8.746598686026215708e-01,-4.845736188692537083e-01,-1.259055804958736889e-02
-1.578253997298723343e-01,-6.167074264790569638e-01,7.712088519497716232e-01
-3.044399035821460098e-01,-5.685536679287851447e-01,7.642401924732945551e-01
9.799772636493493394e-01,1.467862014268654369e-01,1.345301966140142746e-01
3.435511576170328651e-01,-5.241261449575821407e-01,7.792717024709033824e-01
-3.536483186549891355e-01,2.123289923945935187e-01,-9.109606279643461813e-01
-3.545194735998448143e-01,4.299098407325609439e-01,8.303574360959218303e-01
1.063976488604394255e-01,-3.152827267260366884e-01,9.430144975265046803e-01
5.198481464501021332e-01,8.456788495095571845e-01,1.207691522061190847e-01
-6.328834152988102035e-01,7.725759796574328542e-01,5.084228846218284692e-02
1.927026406428321292e-01,-8.869670363849302408e-01,-4.197084329100538858e-01
8.252573135260449222e-01,-2.156471285244652980e-01,-5.219642539781131907e-01
7.141440997314026928e-01,5.389829521739533114e-01,-4.466492830898471378e-01
-2.111888614802667485e-01,-8.734910218697689022e-01,-4.386487199338166554e-01
2.298431711995285454e-01,2.401725176801204065e-01,-9.431273924577403545e-01
7.587548503710269676e-01,-6.512930129813583324e-01,1.041577073982031393e-02
9.562954589009898809e-01,-2.311016103245637776e-01,-1.791397247701879691e-01
-3.184317198241363167e-01,2.218288035908524691e-01,9.216253152487152711e-01
9.646591417408503233e-01,4.070496068462868544e-02,-2.603379465837983853e-01
-5.645126728180798192e-01,-6.484449345525933328e-01,-5.107294871856044027e-01
-4.756234400206143208e-03,-3.160138688363402504e-01,9.487426484233848489e-01
4.656026574916837801e-01,-3.647949221998869063e-01,8.063118689898222113e-01
-5.776244210003925739e-01,4.577820884905050569e-01,6.758591478416434706e-01
-6.505347248652844083e-01,4.870540508239951105e-01,5.827374394359657872e-01
-6.563834945027146039e-01,-7.448585981425598357e-01,-1.197763620983097604e-01
-3.473729505681245611e-01,5.020309057344908288e-01,-7.920208348907255003e-01
-4.283289607041945724e-01,7.418268918506828458e-01,5.159720573337472915e-01
-4.852172098392721344e-01,1.077350345157176287e-01,-8.677311920253235611e-01
7.597491551935872112e-01,-5.247815909635725751e-01,3.839081960161465634e-01
-4.286706013163266160e-01,9.033882145549350096e-01,1.145641175698232372e-02
1.786821007970388897e-01,-6.975249993430105988e-01,6.939247669209464009e-01
-3.754682367709064050e-01,7.557352525643483698e-01,5.365517973203026703e-01
-9.602460617446578750e-02,3.150530051606626469e-01,-9.442038333687668983e-01
2.330620240685483679e-01,7.216480915574469135e-01,-6.518482376202042738e-01
3.561588649993910338e-01,3.283741286543817028e-01,-8.748264367935053576e-01
6.691013867163130291e-01,-7.309307254771579831e-01,-1.343265009137898092e-01
-4.098529410662902217e-01,-8.218313123105851492e-01,-3.957446914428208173e-01
2.408181844622742096e-01,9.675403206637784859e-01,7.663112893678927784e-02
-4.902338034565498770e-01,-7.572162179490590228e-01,4.316183698864635154e-01
-6.577131335900574527e-01,-7.348012970788375675e-01,-1.657723973235749604e-01
-5.799202359434971754e-01,-5.539495571481171110e-01,-5.973545078750502890e-01
9.260805243179418000e-03,8.760586214590394549e-01,-4.821156803647184685e-01
-2.933752613779351190e-02,2.570595310718841175e-01,-9.659501576402468315e-01
9.428997414570201574e-01,-3.317759252030469952e-01,2.940770334362866403e-02
2.710708222369239140e-01,1.793895640295972704e-01,9.456955078930369130e-01
7.773390994924815889e-01,-1.706574783788733160e-02,6.288502879469416440e-01
-7.810786771568436482e-01,-6.076589178166447169e-01,-1.437593116595219100e-01
8.973771844714623080e-01,-4.374357791465348644e-01,5.800110268378748379e-02
-5.527184105584627138e-01,6.761943029324021248e-01,4.870971395024705775e-01
-8.332801953555915020e-01,-5.320445208615823818e-01,-1.502422838262138516e-01
-5.419119080346808115e-01,5.996932956146522331e-01,-5.888118843272860392e-01
9.949198907522766033e-01,-8.483167550081666120e-02,5.420330079618868729e-02
6.963225306257107006e-01,-6.915872487211289776e-01,-1.919427277844759916e-01
-3.405302980814725045e-01,-9.353863578547080282e-01,9.534924031080412032e-02
4.463863877237899680e-01,-3.671209602028231017e-02,-8.940869168379010912e-01
5.039050942411393841e-01,-8.635109446736185523e-01,-2.070034846816737675e-02
2.032432628395897389e-01,-8.813293799570670606e-02,9.751537116529692684e-01
1.635560213104139404e-01,3.316276080948603044e-01,9.291246188980191167e-01
4.149098201971544442e-01,-6.170897169244188296e-01,6.686180691322255454e-01
-9.117789326638046088e-01,-3.959477553876493139e-01,1.090162967355578910e-01
2.775877785391649977e-01,5.846222667761789005e-01,-7.623397080010811955e-01
-4.760206167014304213e-01,6.457394448323647840e-01,5.970133514945700215e-01
-5.888674274700312905e-01,-3.504308597297409733e-01,7.283085646989895245e-01
4.960974919022176355e-01,-4.991949244702919009e-01,-7.104165720979690457e-01
-2.894911126630042575e-01,6.899237769780769414e-01,-6.634757551331024183e-01
8.890164700808210752e-01,-3.966008441696853848e-01,2.288175830851496562e-01
-3.068056768940650159e-01,-9.444168314029086631e-01,-1.180979474354428987e-01
-2.499512566273799086e-01,9.681120790159510880e-01,1.683365004408110890e-02
-5.496915584601191895e-02,-9.448517243602461146e-01,-3.228523050545656914e-01
-9.118508900421024022e-01,-4.089646167377670172e-01,-3.571969465094719520e-02
-8.579971602767233474e-01,-2.155215045306911603e-01,-4.662524574111176490e-01
6.659716659240674241e-01,-3.139039541929831700e-01,6.767171105627017846e-01
-4.485209049332339326e-01,3.800075825798417961e-01,-8.089642977410668179e-01
-4.367132729854412698e-01,-2.120063161237195626e-01,8.742624543705356244e-01
7.329725214536548794e-01,6.759090635847673223e-01,7.679987342329745725e-02
8.073517474803705296e-01,2.544217109100839758e-01,-5.324028069591459911e-01
4.799898244089643717e-01,-5.898926738676604220e-01,6.493353538666390978e-01
-8.414026545112787137e-01,-5.232027503722396222e-01,1.352791742445870748e-01
6.166577293130227622e-01,-6.094386674644108881e-01,-4.983149159695202668e-01
2.986923327411858953e-01,6.430677643969410218e-01,7.051572454106594945e-01
-6.190871051300554928e-01,-7.487724701899033386e-01,-2.367930407495074108e-01
8.341238938061337205e-01,-4.928840886076462091e-01,2.475936287126621616e-01
8.253097350418135691e-02,5.559422579814302656e-01,-8.271135618540907952e-01
-2.480824053029332121e-01,5.799774151378974674e-01,7.759389912287396607e-01
-4.332993593107113406e-01,-7.956026536004661143e-01,-4.234006173883358426e-01
-2.796272873270883030e-01,-2.410921399777823937e-02,-9.598058793227427499e-01
1.027396178538422244e-01,8.843897683876073001e-01,4.553013381207669519e-01
-9.770758107572237172e-01,6.133783227125833709e-02,-2.038639996796317855e-01
6.614387088270234916e-02,9.337243488856903362e-01,-3.518292606402232958e-01
5.105065542794631206e-01,-4.721147670439147515e-01,7.186728774461851321e-01
-4.651311112493449196e-01,2.834514463972420129e-01,-8.386347994706998543e-01
8.111889505114607823e-01,-3.065111232758134241e-01,4.980194954781529404e-01
3.949512374208500876e-01,8.197397224440245989e-01,-4.147774192348624434e-01
-8.782653491333041185e-01,-3.370676323975538846e-01,3.391686714625380961e-01
7.205080769283802589e-01,-1.623326536461807135e-01,-6.741781816709557784e-01
-3.450949640701277965e-01,7.922559384443665920e-01,5.032295636914361214e-01
-8.539180890558913939e-01,-1.934295233187548479e-01,-4.831241214137561579e-01
7.862136246080266844e-01,-4.407041365455998116e-01,4.331835644531151219e-01
-2.227227710262189020e-01,8.711949356494370633e-01,4.375088014716682627e-01
-3.831666819899303134e-01,-3.595260349799880850e-01,8.508374251197439175e-01
-2.371411945806796984e-01,-8.011033553158780629e-01,5.495429627740585632e-01
-6.452103529240079682e-01,-3.375013326618673815e-01,-6.854169905474628566e-01
3.969575686600075315e-01,9.177759372329292731e-01,1.058384239081825925e-02
7.928394417062257782e-01,2.383881881874888864e-01,5.608713679692042264e-01
-5.882326944979896499e-01,-3.014936001144239569e-02,8.081295151239900054e-01
-1.240341595888602155e-01,-2.497447039746811259e-01,-9.603348947589503970e-01
3.346578291951912698e-01,9.368333466909090079e-01,-1.017222585586522732e-01
3.060105279911755072e-01,-2.305545971865309851e-01,-9.236894145083175411e-01
2.274057266249622233e-01,-8.087169323504754814e-01,-5.424606518705382685e-01
2.885146930903251250e-01,8.745938710943110816e-01,-3.896727248798191878e-01
8.681314418486094642e-01,-4.939038827580908841e-01,-4.905868190581980787e-02
-3.610045704567612646e-01,1.351380662782301068e-01,-9.227206528261466811e-01
-9.874848835920925216e-01,1.575106204097629359e-01,8.000570932327460277e-03
-7.302392449963394927e-02,-2.030918743780148472e-01,-9.764328942699013192e-01
-5.499355900445319634e-01,-1.621421248604442422e-01,8.193172634261483012e-01
5.361582534634194985e-01,5.843698579258879144e-01,-6.091356141211359265e-01
3.432372947001711139e-01,-8.668909366739949718e-01,-3.615083172478767981e-01
-5.365186949525438953e-01,7.548090229836300624e-01,3.773738581154196803e-01
5.730640893845104777e-01,-6.910519526900816834e-01,-4.405051056924617625e-01
7.218554784831248128e-01,-2.875418835340962098e-01,-6.294794145939667240e-01
-2.989141757780321984e-01,-3.950672881762722910e-01,-8.686611268682314924e-01
-7.650750734008195941e-01,4.599516642210130235e-01,-4.506712755890384114e-01
2.314304101782054535e-01,-5.104502934419270777e-02,-9.715113845056052577e-01
-2.505115894286603084e-01,-7.504934294640860371e-01,-6.115583013034496807e-01
-7.919229547658128421e-02,-3.930517151787106811e-01,-9.160998469229343355e-01
-2.794508619329585941e-01,-5.827235549393747771e-01,7.631123601958915703e-01
-7.348807532879551019e-01,-8.736394982846193077e-03,6.781400694912750327e-01
-5.668687059676079665e-01,-5.070570693390811234e-01,-6.492711287496710781e-01
6.779005604859195122e-01,4.977871854482685543e-01,5.409794340789372269e-01
6.785640237606308522e-01,-1.343101739998036892e-01,-7.221576301735822545e-01
-7.188945592784965477e-01,1.244578399229903098e-01,6.838865832296167069e-01
6.971806988778379566e-01,-7.144991561495369625e-01,5.856644921632879475e-02
6.628293364625409412e-01,5.497467883310813708e-01,5.083657536108119324e-01
-7.468025568000389303e-01,2.047666416238148879e-01,6.327373575465802258e-01
-7.850853152326546791e-01,-5.162209577396443816e-01,3.422820044881233481e-01
-4.983748294295227699e-01,-8.618464293100897011e-01,9.403861800634144563e-02
2.505277750141799431e-01,7.580914290554636725e-01,6.021073153010925161e-01
9.223621498463829838e-02,6.884787603392651389e-01,-7.193674146130168978e-01
-7.263314919873861131e-01,-2.174854352245784717e-01,6.520296382930406143e-01
-9.689878970996432805e-01,-1.240328773489141750e-01,2.137248245079647613e-01
-1.314186645122362995e-01,-7.824260078071525459e-01,6.087188816890617415e-01
6.306995686188201500e-01,-6.336104771741885022e-01,-4.480578281417827435e-01
-9.849272373547525161e-01,1.714699831929050455e-01,2.272403970600443343e-02
2.259418488718313855e-01,9.522386736395987983e-01,2.054064004686232958e-01
-1.168821371982244409e-02,-5.230311857056029190e-01,8.522333978667058219e-01
7.639920725966089510e-01,3.512577683142491525e-01,5.412338618457191997e-01
-9.191404559963075593e-01,1.624448852119655951e-01,3.588766938927231420e-01
4.273069578634747234e-02,-2.232711540191426869e-01,-9.738193258611040903e-01
-4.136581196194258347e-01,6.417059481881253191e-01,6.458331333501711180e-01
5.301384474140269365e-01,-2.029527936585753811e-02,-8.476681710486165811e-01
6.275341854457551216e-01,-2.113274269829126251e-01,7.493607707250988792e-01
-5.042817151417738897e-02,-2.300493393964997135e-01,9.718715455043278606e-01
3.056077190128176357e-01,-9.488453517880073296e-01,-7.934998720904348768e-02
-2.110428447778912031e-01,6.836964110216958712e-01,-6.985843794589937650e-01
4.503805064231463512e-02,-7.099136890393795696e-01,-7.028471584269510020e-01
-4.480605661198673872e-01,8.896529256033699484e-01,-8.808746252281730860e-02
-8.582045828574181856e-01,-2.872278231830009965e-01,4.254234026849953998e-01
-4.316811634542830900e-01,6.891046347531523120e-01,-5.820534129102594711e-01
8.720545027684362127e-01,4.770999770000264872e-01,-1.090713351337993103e-01
9.831133505445202037e-01,-1.130964391900601412e-01,1.438656853584488193e-01
-9.012935091924640929e-01,3.925816990711376020e-01,-1.831655530986996128e-01
7.825367801058226158e-01,-4.998276706367614786e-01,3.712256556966942456e-01
-9.009844590018145638e-02,2.377875076287547795e-01,9.671294490718793657e-01
5.803762764903882543e-01,3.166779127498196567e-01,-7.502522757470115877e-01
5.108947455465407961e-01,-1.845957599865387655e-01,8.395897595659012058e-01
7.487161793269385690e-01,-5.837247683571419321e-01,-3.141488144502102009e-01
-3.799185520336783584e-01,-8.945074100757532953e-01,-2.356234010878406060e-01
-8.242703124363554013e-01,-2.403012034628567439e-01,5.126731743034502742e-01
8.344601084766024579e-01,-5.358376974100007573e-01,-1.286634734319145879e-01
-3.367423265902860785e-01,3.839969985669937358e-02,-9.408135142170719334e-01
-5.158897852684923846e-01,-6.152080471333901124e-02,-8.544430466936061563e-01
-5.908007655380080880e-01,7.994483266504756047e-01,-1.087971895567984154e-01
-6.096583012771447097e-01,6.947730034856107739e-01,3.815851534211591178e-01
5.109195032252764612e-01,-8.451452335409366245e-01,1.571330501424591242e-01
-8.373296102517661099e-01,-5.342609340099273574e-01,1.159498951550430035e-01
4.881430209751383420e-02,-7.738819107454212309e-01,-6.314459217793305656e-01
-9.769536378732782134e-02,-9.816190204352555071e-01,-1.639503419154442476e-01
3.113934523645197627e-01,5.189480791237782720e-01,7.960697262163951571e-01
-3.448860412814558352e-01,9.194144289822975269e-01,-1.890257292231984076e-01
-6.709925369662235184e-01,3.142561795666293789e-01,6.715743212331883871e-01
1.173013987280316084e-01,-4.275314617090694713e-02,-9.921756650658877241e-01
-6.622544364605899014e-01,-2.964698993235856395e-01,-6.881312812126253453e-01
2.678981961612734164e-01,-4.456576469219385994e-01,-8.541778610064397759e-01
-6.161863336546563596e-01,-7.745555764578344604e-01,-1.427517467329354472e-01
-7.978919923929800317e-01,5.039339045110455828e-01,3.307854113461071721e-01
-4.628651925234731485e-02,-9.851371908447998926e-01,1.654154568047326856e-01
-8.705097551991625160e-01,2.772640289556740356e-01,4.066170487699218850e-01
-2.731562567853374479e-01,-1.287645216309989404e-01,9.533128328875903890e-01
-7.516609134237143275e-01,6.126425713789100946e-01,-2.442845696421786228e-01
6.664270441694021274e-01,-1.035455802549130472e-01,7.383449787256004537e-01
-9.442780144634870254e-01,-2.255801587607448588e-01,2.396927687152279884e-01
-1.917275948172970090e-01,9.348849278438170485e-01,2.987150834424588397e-01
-3.632396824403014840e-02,-9.680631781579263073e-01,2.480609852955149852e-01
-1.210663700508528284e-01,8.414449891330979536e-01,5.266054161376531040e-01
3.323065614009292901e-01,-6.289761759779428640e-01,-7.028238181095275428e-01
6.839427647441997937e-01,7.078658241127082640e-01,1.764887237397807507e-01
3.030343090283082463e-01,8.262369754264182742e-01,-4.748712120037810180e-01
-8.195803475391291171e-01,5.707861007430606870e-01,4.991273511012042641e-02
4.737553230183298991e-01,8.798955458438659782e-01,-3.660221736347499949e-02
9.966440122379846001e-01,6.024316266136318238e-02,5.542088255097314675e-02
-4.768336692386442865e-01,-5.943720881321536975e-01,6.475735268908348052e-01
4.764277622547709035e-01,8.546207516135526649e-01,2.064944509288271224e-01
6.778172669537008144e-01,-6.433729405662584888e-01,3.558581346077971386e-01
5.542899316124962894e-01,-8.253610936675775944e-01,1.074324754107182783e-01
4.401721019808139124e-01,-8.977343266204618200e-01,1.793319394580400461e-02
2.656629149640318821e-01,9.613580588885004552e-01,-7.220732804188280396e-02
-7.328971232646349643e-01,6.489741923403330448e-01,-2.041918323210671904e-01
3.555815533208234180e-01,8.137524522787064063e-01,-4.597485240306292686e-01
-2.046523588281561890e-01,7.104241450492374543e-01,6.733609330493799394e-01
-2.987485697799302509e-01,-1.127003026384172796e-01,-9.476539103700544198e-01
-1.907662806375686748e-01,-1.587816252492632030e-01,-9.687087393303061011e-01
-1.544775919308699896e-01,4.439029568680146198e-01,-8.826589593240828924e-01
8.761874568226563076e-01,4.802215097751680872e-01,4.102245794566280329e-02
5.788761217822637750e-01,-7.802747446200737347e-01,2.367989833981652414e-01
-4.918702123645794511e-01,-8.087855906357118707e-01,3.223810828328274036e-01
-1.536375828100413898e-01,8.950202606676180839e-01,-4.187292993602867996e-01
3.300494116732410332e-01,7.384153715747452384e-01,5.880562259480622833e-01
8.402118661826541990e-01,-3.067324992886540369e-01,-4.471679704607625094e-01
-7.768141194803039884e-01,-4.699376716661093911e-01,-4.191877962501721622e-01
9.732283137874161438e-01,1.979165058674133559e-01,-1.168576311061309547e-01
8.985196424644494861e-01,-5.055630337734318830e-02,-4.360120552167978114e-01
1.107836632685041955e-01,6.759944724020037210e-01,7.285317105210639133e-01
2.928877293325685138e-01,9.549284317126421895e-01,4.825420513536451267e-02
5.369160585606813640e-01,-8.275335336043340151e-01,1.640408388785782601e-01
-4.533543275422823871e-01,1.224794888117790304e-01,-8.828752055183622938e-01
7.613111235106979624e-01,-4.467496878186151266e-01,4.699149813028404288e-01
-9.161392312971661234e-01,-1.587671446137372058e-02,-4.005456763168838141e-01
1.622638911864070221e-02,-5.943559448227930808e-01,8.040383791523731949e-01
-1.017283081902860542e-01,9.043184367972745274e-01,-4.145594241858168716e-01
-4.426053682143494261e-01,5.123780007245788415e-01,-7.359139028455187193e-01
3.775442619052701843e-01,-2.710329067998423214e-01,8.854385883470591301e-01
-3.466482350916830768e-01,3.880205117766130640e-01,8.539760438961015998e-01
6.451424608310766251e-01,-3.348277544799159733e-01,-6.867907833268875883e-01
9.178117090877774276e-01,8.611558151563397656e-02,-3.875638957405570517e-01
8.325380999766988088e-01,-2.159239465039152484e-01,-5.101540565489630641e-01
-4.635467193598775126e-01,4.508821936145505083e-01,7.627776127103009784e-01
9.650114095528075087e-01,-7.023054456023222758e-02,2.526274926520800657e-01
4.217834257553798594e-01,-7.030551462951409869e-01,-5.725488651861725398e-01
-4.806168560130553158e-01,-8.763765548425134222e-01,-3.117004713652822903e-02
-8.316726844354662695e-01,1.915527588627130295e-01,-5.211795146933430045e-01
8.752224316279180738e-02,-9.577434683137716620e-01,2.739841343108403993e-01
3.114766975155915940e-01,6.674074402326342081e-01,-6.764241092886202900e-01
1.720333690983224806e-01,-1.356478404289328255e-01,-9.757070171437975947e-01
-5.224388365498420228e-01,8.150592215539962382e-01,-2.504718096398095284e-01
6.781213674476015418e-01,1.260472450505696097e-02,-7.348418414401471921e-01
5.556422716553034019e-02,-5.858687278330284576e-01,8.084988870782732207e-01
-5.780398227047151699e-02,-8.890491781479435973e-01,-4.541478376785922921e-01
9.759822277561095438e-01,-2.094178874194280171e-01,-6.002365811082496783e-02
-1.933943870582356672e-01,-6.595930481495286823e-01,-7.263164750211735798e-01
5.531273104858850514e-02,-8.807259851776969573e-01,4.703852047170721251e-01
-2.483533839442739720e-03,9.170141781079881316e-01,3.988468743874009625e-01
6.245150186041678042e-01,-6.006557485792892725e-01,-4.991930120068684973e-01
-6.658009861455999046e-01,7.391976006984917191e-01,-1.014689803296549980e-01
9.802398400023513980e-02,6.872706034774457295e-01,-7.197571925006858162e-01
-7.885849644424526295e-01,6.111692788011616750e-01,-6.786653449944120287e-02
7.283553142267064073e-01,-1.569141143411741379e-01,6.669906273391258411e-01
-7.761185970494019482e-02,4.507614664803868965e-01,8.892640212949087797e-01
7.051457698041714295e-01,-5.217773545576956939e-01,-4.801227297244479719e-01
-6.566004702126098103e-01,7.211055065303964007e-01,-2.210942581075320823e-01
7.088877643213710167e-01,-7.049994665686832862e-01,-2.130468805967808410e-02
6.291676975039028896e-01,-3.683238232054425465e-01,-6.844600570354441027e-01
-6.455891484447234818e-01,-2.511360606506573556e-01,-7.212110165903500292e-01
-8.584300768863376563e-01,-5.037311574906874201e-01,-9.670948283394299738e-02
8.045813010648803498e-01,-3.760903735488060340e-01,4.595704090785915907e-01
6.483316935423238947e-02,6.147824912245806184e-01,-7.860274477619619837e-01
-2.315970967032771055e-02,-1.627812283834868534e-01,-9.863903383214726039e-01
7.183450226368660596e-01,6.530467003697391082e-01,2.398133348857740266e-01
8.244482885247739201e-01,4.015778440810173766e-01,3.987734377962168231e-01
-2.875332344208013646e-01,-8.072759719566182657e-01,-5.153931937899548510e-01
-7.465436222777855901e-01,-5.516819167591037187e-01,-3.719135420462185149e-01
-1.029877275488289418e-01,-7.400393696874233429e-01,-6.646316718957719916e-01
8.775859525458931110e-01,1.660201113002438278e-01,-4.497557320790613322e-01
-3.889350911724395732e-01,4.678312861929169175e-01,7.936393277262456802e-01
-4.291885099675853965e-01,6.899537807398993250e-01,-5.828902155247785988e-01
2.754743572336088020e-01,-8.249633922867970204e-02,-9.577620959928392352e-01
