5.574239754831108451e-01,8.297525359220456753e-01,-2.809342783532424448e-02
-3.224366032317924624e-01,-7.695058337925859693e-01,5.512670937535824045e-01
5.163916675350080920e-01,-2.363806149529563694e-01,8.230819221528776763e-01
6.330584392260426574e-01,-3.025700020395941658e-01,7.125225655306972605e-01
-8.733937944643389573e-01,3.827177595042555724e-01,-3.011816666917606078e-01
6.592343391209760650e-01,4.630968937247860739e-01,-5.924114728347048553e-01
5.657686459532167422e-01,-2.087234911579731456e-01,7.977094355058685915e-01
2.203121875249023157e-02,-8.474688130600251945e-01,5.303878168763984657e-01
2.857560835620962525e-01,-3.541453612026385644e-01,8.904630951622335422e-01
5.178175525822668046e-01,-7.586587747762104650e-01,3.953502822722786969e-01
-7.316077398313719504e-01,2.220379337817453003e-01,6.445535439207241701e-01
1.762445802061107236e-01,5.681455824929722009e-01,8.038335928795792285e-01
-6.134650376230875723e-01,5.013253993099104910e-01,6.101913565602697931e-01
-5.974206577605954971e-01,-7.733663838631494869e-01,-2.121155203923865140e-01
-5.910474080380965223e-01,3.958954553268355103e-01,-7.028013587799937234e-01
9.977182774572127544e-01,4.272788521479373852e-02,5.227395769294217176e-02
3.381799093988609450e-01,3.364018767987438929e-01,8.789016589842466587e-01
-9.627827823651939620e-02,5.277076468076359328e-01,8.439520914368057181e-01
3.726050997509680607e-01,-1.521619960842141295e-01,9.154300446168667227e-01
-6.482344230457882661e-01,-2.714152090537466089e-01,-7.114252716011745248e-01
7.664995546740576149e-01,-4.475349572670946352e-01,4.606418290911184488e-01
-5.678745650049928928e-01,-2.754711591840823814e-01,-7.756507712096778473e-01
3.741501029511919985e-01,6.911940990031362197e-01,-6.182737403164194623e-01
-8.611443054365487404e-01,-3.646148648256309494e-02,-5.070513240468721428e-01
-6.961624291599819436e-01,7.170387641901794229e-01,-3.483221030445398519e-02
-3.922391464832046815e-01,-5.741380911404539988e-01,7.186890177731414253e-01
9.751821396971148415e-02,-8.681507363868559701e-02,9.914400339573076204e-01
1.069653790465669441e-01,-9.104147694791203671e-01,-3.996290219687561041e-01
-8.362300619413687297e-01,-3.736497227503136620e-01,4.013790829056098075e-01
-9.376933660738957510e-01,2.833561743255422760e-01,-2.010980598926799812e-01
4.471199909200498923e-01,-7.944236062225893402e-01,4.110655028045419046e-01
-5.855328805633869260e-01,-6.630237825006850549e-01,4.664233159026539566e-01
-4.545663099233851479e-01,-8.217807651128724578e-01,3.435780027492135735e-01
9.366470112262519354e-01,-2.946043378516612909e-01,1.894746961467779212e-01
5.476281843199686250e-01,-1.904121508648981553e-01,-8.147678102020340374e-01
-7.689164396902166132e-01,-5.856227817517777323e-01,2.565413539128363896e-01
6.840545341755150943e-01,1.868601775390792141e-01,-7.050905390969182118e-01
-8.461007273009030216e-01,-4.766905500564687648e-01,-2.384946094731370814e-01
-7.397642228092232708e-02,1.959888193285713731e-01,-9.778117772069977454e-01
6.763772255852372739e-01,-4.480968886488258529e-01,-5.845708058848463340e-01
2.947920323954745236e-01,-3.447814998260874675e-01,8.911921089270367080e-01
1.690929681372145277e-01,9.837298221075908566e-01,6.068941606832815860e-02
-9.619730926437589646e-01,3.633397650514005178e-02,2.707168468727530475e-01
3.372145994902451260e-01,-3.220107737623983390e-01,-8.846442084089937152e-01
-6.120644540417370383e-01,-3.279675556863961838e-01,-7.195932090533380121e-01
-4.937841876346603653e-01,-7.748926886089476662e-01,-3.946118310217968661e-01
2.009116519510193224e-02,-7.276279773072720503e-02,-9.971468900555726655e-01
1.613479303534086640e-01,7.591522614994157259e-01,6.305986752531232975e-01
-2.686159182169752802e-01,9.334073753342263524e-01,2.378994748882853061e-01
1.313212852499555383e-01,9.645851558974153361e-01,-2.287579442613065506e-01
-3.439314872341797114e-01,2.772111392320950607e-01,8.971427513916219176e-01
3.891051407470185741e-01,-5.288523919865364409e-01,-7.542627771104455370e-01
-3.460577499651587563e-01,4.962801694911323502e-01,7.962097883465792947e-01
1.270729416735900952e-01,8.778259956765560590e-02,9.880013576445960677e-01
-9.612535983673207163e-01,-2.528348256727923071e-01,-1.098456669736529168e-01
-7.870253159350852623e-02,9.768168992840736697e-02,-9.921009016090567290e-01
-6.725999055332393395e-01,-6.871671298866813826e-01,-2.746100920941879076e-01
-9.273412060956406355e-01,-3.482938498737535027e-01,1.368564270219049250e-01
8.542414298403281370e-01,4.342896560827522734e-01,-2.857692673537105543e-01
1.978152829946659419e-01,8.024135379621736286e-01,5.630289760827300594e-01
9.552124706751385919e-01,2.902281170849753122e-01,5.776483290036633217e-02
8.630087772560472992e-01,-4.787997755568809133e-01,1.611416311997078132e-01
4.156860418474308538e-01,-3.605975615414632740e-01,-8.349697678500501707e-01
9.075275812484833171e-01,-2.920600618350678856e-01,3.018188356517428339e-01
1.715051786887931105e-03,9.238827908710883774e-01,3.826717226678986172e-01
6.736897285679732672e-01,-7.087061373266931863e-01,-2.094701900927410099e-01
1.335463300968432049e-02,7.387544459084690596e-01,-6.738423572525310545e-01
6.292675631418183542e-03,9.312978584563504914e-01,3.642042024304676384e-01
1.134013382129287068e-01,5.070969762717725954e-02,-9.922543338570394278e-01
9.566395092198711758e-01,-2.911254348219181609e-01,-9.318293798381317716e-03
-7.664492773392618252e-01,3.456781322445184323e-01,5.413521350785129860e-01
9.064007109411634788e-01,-1.854965545767192636e-02,4.220114471051172322e-01
9.321482487837331465e-01,3.172934516158469331e-01,-1.744262246656788917e-01
8.434396393482747056e-01,5.129284463807163297e-01,1.597309727933718948e-01
-2.109263684413019146e-01,9.103824618502575072e-01,-3.559688753973141995e-01
-3.748930350914786991e-01,1.437012272725939621e-01,-9.158630735651752675e-01
9.687393683969265645e-02,5.451904223694007401e-01,-8.326961292799754943e-01
1.256746011750199399e-01,-9.619045031117007261e-01,-2.427871938816627828e-01
9.240912589177527892e-01,3.766398529183203614e-01,-6.479017198209056916e-02
-1.503994662692667572e-01,5.300690335920167362e-01,-8.345099281451030526e-01
-3.177810276885201790e-01,4.099351217582994922e-01,-8.549669083597539743e-01
7.130311497427390677e-01,6.511117026469552815e-01,-2.600771619591585870e-01
5.289995952076825825e-01,-7.994896410097744877e-01,-2.845623695926250973e-01
-7.427678730567319754e-01,3.328357890963534182e-01,5.809614653756188796e-01
-4.130935578549700671e-02,5.024185679186374820e-01,-8.636371458750327079e-01
3.225289550390795790e-01,3.319934266198317774e-01,-8.864284730550016089e-01
-3.713549005998504349e-01,9.282559365794761375e-01,2.089148164767020213e-02
-5.692810403541954667e-01,3.249777718428247253e-01,-7.551877547347530806e-01
3.285297786470096071e-01,-9.430027521551911374e-01,-5.304709200212719827e-02
-8.889007760542699810e-01,3.307239781249387556e-01,-3.169811676162034297e-01
-8.512882564917162442e-01,-4.639643369201961742e-01,-2.450416259036346522e-01
-9.452488778903929134e-01,-3.124368273102017257e-01,9.427506450428997653e-02
-9.566381442785859557e-01,-2.882548378570264358e-01,-4.186417756558134112e-02
1.958122590535328333e-01,-9.386562697750393536e-01,2.838696292602660431e-01
7.163313665896495763e-01,-6.193610635219949367e-01,3.213428795425666840e-01
-9.742164628104107438e-01,2.192016542356663711e-01,-5.341271730139857121e-02
-3.787424660886990480e-01,-7.849291556704939277e-01,4.903471881834909896e-01
4.996359488496580903e-02,9.457196522124001747e-01,-3.211198819840149765e-01
3.153315066009504397e-01,-8.750255063012096768e-01,-3.672824584255099944e-01
3.780380518630108710e-01,8.930302984224643970e-01,2.440985814033003465e-01
-3.243733918121253779e-01,4.636133976525272926e-01,8.245268462587358460e-01
3.936196057892144551e-01,8.241797211414706448e-01,-4.071748926413694680e-01
3.043186029662103831e-02,5.802679518818419924e-01,8.138568706460239666e-01
9.574180305792054924e-01,-2.131199238949513797e-01,-1.947578310642361088e-01
-9.974857219610365755e-01,7.085229697828120121e-02,1.478680753557276703e-03
8.960863246572170482e-01,3.449252998905262269e-01,2.793847459288914536e-01
-3.094905834677903478e-01,-7.031135558026668786e-01,-6.401928665576467337e-01
-1.287879603457124378e-01,-4.003117416598620526e-01,-9.072839526626925721e-01
1.448447892450352437e-01,7.452125869974707273e-01,6.509056669050427013e-01
-8.099869682081423106e-01,3.441090478683540566e-01,-4.748790103890849212e-01
-4.581351632489458203e-01,-7.958298879402146975e-01,-3.959380780575758596e-01
-5.205159981440805606e-01,5.361541687840867265e-01,6.645312656087121184e-01
-2.081372342101354966e-01,7.392166930899282118e-01,-6.404979097487721873e-01
2.820524986198469364e-01,5.240885275874378468e-01,-8.036028890400611635e-01
5.398436994348226881e-01,-8.224126410184970926e-01,1.794609374585610928e-01
2.605473315224224665e-02,9.960030222526565780e-01,8.543494919492576611e-02
4.786470501522202547e-01,8.767334816114222829e-01,4.728005501362991803e-02
-9.518728691953769472e-01,-1.237039618412878461e-01,2.804199898625809317e-01
-2.022774014190309097e-02,-8.741991641030343319e-01,-4.851460192666819937e-01
4.378686922460164888e-01,-8.868191321361256207e-01,-1.477255402024038600e-01
9.880328152648349960e-01,-1.507471674328420830e-01,3.265650732731671668e-02
7.740688050719972679e-01,-3.888117670872387466e-01,4.996427671736167198e-01
-6.251126938227460350e-01,8.783303217991930700e-02,-7.755768681953780774e-01
-2.542714021422260995e-01,5.645931216303684552e-01,7.852265030297321813e-01
-6.439352620686070727e-01,-1.012699931103973466e-01,-7.583480512008021757e-01
2.020508001636524831e-01,7.724380408585463931e-01,6.020921417755245031e-01
8.448090374009371573e-01,-4.607165439136259311e-01,2.720991666469892434e-01
4.069214913905223607e-01,-3.589205364551705246e-01,-8.399946120989379983e-01
-2.457505563592604358e-01,-2.873087217801146287e-01,9.257755464680359481e-01
2.750789581528630401e-01,-9.523146582810152472e-01,-1.320165080762581988e-01
-8.359333481956271461e-01,-1.346953221146355573e-01,-5.320456818496724916e-01
7.128913650364628873e-01,-7.715081624280573092e-02,-6.970176850048480643e-01
-6.552231803328135706e-01,1.220267477360696823e-01,7.455146254712317067e-01
1.539138806144588201e-01,-2.686430813857427213e-01,9.508635087002611508e-01
-8.034079079939986379e-01,3.183402429551109025e-02,5.945774367312131048e-01
-1.082245252725335394e-01,-9.193608124807743920e-01,3.782368948215192317e-01
-3.232504014986245511e-01,6.764423951761405762e-01,6.617664723596565768e-01
-9.472886276935710281e-01,-1.229831146477882858e-01,2.958367951319784139e-01
-2.192710904959772888e-01,-1.181571712626224152e-01,-9.684828711711530591e-01
-3.652012338766517652e-01,3.872455417164316072e-01,8.465630213963509787e-01
7.541706354310883098e-01,3.717475109718275661e-01,-5.413228618299062989e-01
-7.624892410686023858e-01,3.070009888605570308e-02,6.462721262618503770e-01
9.663436778299383523e-01,-1.339792723786107087e-01,-2.196120463248915911e-01
4.529743284914490853e-01,8.195800722151960205e-01,-3.508600332831523505e-01
7.216030542253166757e-01,-3.516394421187348240e-01,-5.963545379043573291e-01
-7.893442816493171366e-01,4.951058320267522350e-01,3.630507128771692793e-01
1.020527590933150985e-01,9.346812889216580267e-01,3.405233068399134977e-01
-6.415169872121930794e-01,4.487140871997861158e-01,6.221829498360217370e-01
8.774072370765488571e-02,9.883123302162872825e-01,-1.246607530288067200e-01
-1.412013990259934904e-01,9.845243486037076330e-01,1.037977452527139854e-01
-1.639148425699052392e-01,8.671262560384359608e-01,-4.703445337984144548e-01
-9.755111881968682175e-01,-6.551206782237241344e-02,2.099668799415064513e-01
8.753661375898749153e-01,4.017547179255185341e-01,-2.689373008445853919e-01
-8.067187207407983118e-01,2.757091873293242013e-01,5.226751855871228924e-01
-4.436161219697078439e-01,-8.138616751317246933e-01,3.752784433994849622e-01
-9.985546066492870798e-01,-3.619239747501431376e-02,-3.973421579065002790e-02
2.617111093484492668e-01,-9.223592555281030503e-01,-2.841842694190644947e-01
9.472154413596897138e-01,1.268088956830040748e-01,-2.944527324129038726e-01
2.564499360610042467e-01,7.086675776766289125e-01,6.572850938856334979e-01
7.847732634968913601e-01,-6.186987349502228728e-01,-3.664423926666802306e-02
5.680319631430282845e-01,-8.109270514294160126e-01,-1.404884554255996232e-01
-1.639195880018475826e-01,-6.849003088058238653e-01,7.099591084470932012e-01
-8.209764030049927774e-02,4.483218120889453928e-01,-8.900941131489267244e-01
4.605774890937638921e-02,5.139927327950061242e-01,8.565571518581361898e-01
7.137048204040807864e-01,-1.153611864605283560e-01,-6.908814847644986212e-01
3.381957498506654031e-02,6.443962366471236436e-01,-7.639435362268952590e-01
4.909120666311583836e-02,-7.483784883858634052e-01,6.614527130110279263e-01
-4.514213565172272569e-01,6.048581528090141157e-01,6.560223882312352650e-01
-6.995984713877733130e-01,-4.328112718195213371e-01,-5.685388129387995981e-01
-6.264930608379060128e-01,-6.227427585375606700e-01,4.687194271747027186e-01
-7.614875187383145505e-01,1.551260510922155278e-01,6.293430440374313539e-01
7.339868380507418022e-02,6.421409014231911350e-01,7.630646734943862253e-01
7.254775396517197938e-01,-5.863645321815217359e-01,3.603595077980216721e-01
-8.294396035130763289e-01,5.571960939154557702e-01,3.952792746185045114e-02
1.203631657300699292e-01,-5.322147917669280831e-02,9.913022659560910554e-01
-1.531941035187837918e-01,4.650598877316828861e-01,8.719236591984821372e-01
-7.212046478799380989e-01,-6.176379120907626863e-01,-3.136674439984772356e-01
4.240650509256489037e-02,9.234098246320479042e-01,3.814655739366855647e-01
-6.109245817869777273e-01,3.010684804240502110e-01,7.322082527966752297e-01
-7.813285733628582141e-01,6.495822975140982947e-02,6.207302867061696983e-01
7.635851607290312648e-01,4.094896077841702065e-01,4.992554090154517898e-01
-7.425699319770709961e-01,4.768944798593842682e-01,4.702781636470225179e-01
-8.321549052121098855e-01,-5.366305664437307499e-01,-1.398064694129168839e-01
-7.158321645604374117e-01,2.822072096619663295e-01,-6.387044723465820084e-01
-8.531389325317665362e-01,-1.915492451071289237e-01,-4.852451426830022285e-01
-8.097395896107558722e-01,-5.782189269891022665e-01,9.992331804226545211e-02
5.327889505971397099e-01,-2.617483573532763397e-01,8.047507263398153698e-01
3.198017923426333953e-01,-9.398565748322184055e-01,-1.199851339087042723e-01
-9.654158269256419844e-01,-1.143225031691789406e-01,-2.343131374690973212e-01
-6.339876757313129829e-01,5.810708613182744564e-01,-5.103099853497345961e-01
8.448060457554614766e-01,-4.572886729706398534e-01,-2.778305502060065546e-01
1.201534641974525558e-01,-7.779745626968783689e-01,-6.166998660920498532e-01
6.577591578445659559e-01,-6.653293958092814098e-01,3.531142666951648246e-01
-5.943572504055498994e-03,-7.167411762667328379e-01,6.973139609886418455e-01
-1.772557174175556083e-01,6.021306502479324418e-01,-7.784722799655681147e-01
-6.830099690790079059e-01,-3.265195857425406412e-01,-6.533623361238480864e-01
-9.958777997273179361e-01,8.035769569246162258e-02,4.207194734349419679e-02
-6.492623206898414656e-01,3.613914889181530921e-01,-6.692194189277249627e-01
-6.469303910494245136e-01,-1.962725074733382702e-01,7.368569548743956199e-01
-6.379883012651251795e-01,-7.334859420350354764e-01,-2.344553268446176175e-01
5.969312958644725775e-01,2.399078721614504930e-02,-8.019335821290384247e-01
7.665892433372916148e-01,-6.235410622438978256e-01,1.534192807156595506e-01
-5.881109209640272839e-01,-7.565823174153395447e-01,2.858474096738991554e-01
-9.262642438990151827e-01,1.833226217561010063e-01,-3.292831104485245963e-01
-6.625255829058036838e-02,9.675165436676519404e-01,2.439719989042881954e-01
8.197446132203796143e-01,5.263048556016985957e-01,2.258804286923622451e-01
1.507315900490681371e-01,-9.619563350965998350e-01,2.278595995976424315e-01
1.383715151660494802e-01,2.581548627394176787e-01,9.561429760421000790e-01
-5.297716574762283415e-01,-8.352540673631832224e-02,-8.440174745610558027e-01
-7.419844947204745633e-01,-2.521561018788675557e-01,6.211894315582455750e-01
7.112160167630805496e-01,3.336546748265694085e-01,6.187457761197515671e-01
6.229636455110937332e-01,7.667247653998828794e-01,-1.550787880208732983e-01
-9.144225380818787885e-02,9.040754416829948070e-01,4.174756399649888761e-01
-3.577024109982436251e-01,8.496301569796553821e-01,3.875275235602883006e-01
-1.692086302428287559e-01,-2.046494624591780331e-01,9.640990804717713969e-01
-8.921589144787546166e-01,-4.008283629705489126e-01,-2.083004914887150449e-01
3.188620847604341502e-01,9.303503795019032463e-01,1.810390628093684062e-01
4.082719823244971291e-01,5.965028873955439959e-02,9.109093431852113287e-01
-4.172935534892830423e-01,-3.122095470360513048e-01,8.534584283700235030e-01
4.843306402088956020e-01,8.629487515974383349e-01,-1.440252862217743235e-01
-6.236680056711400022e-01,6.787619566786767811e-01,3.877117806669239664e-01
-2.632141252141214083e-01,9.546948880247516644e-01,-1.388380173697816300e-01
7.668539555278891529e-01,-4.725882526117757831e-01,4.342756663509693138e-01
-9.859022881018832951e-01,-1.249844668501719491e-01,1.112455004108007794e-01
5.061945521491568734e-01,7.908452319388810103e-01,-3.439925791264284993e-01
-1.779926856532895729e-01,7.196830411040902042e-01,6.710997870667951837e-01
-4.938063068252965260e-01,7.343723437401171728e-01,4.656743412398927640e-01
2.375681708178819795e-01,3.236912129738239025e-02,-9.708313984419133513e-01
9.805195172684925131e-01,-1.923982415208619901e-01,3.955240719908883346e-02
-9.168288324596006733e-01,1.893986392906871485e-01,-3.515011342877879530e-01
6.239105031262089929e-01,5.965185663861173326e-01,-5.048774940967880598e-01
-1.217609752188206357e-01,3.738038455646912617e-01,-9.194808045602748114e-01
-2.404741102363784355e-01,-3.559235067877316583e-01,9.030452146055287788e-01
4.496722013787746164e-01,-1.125891557295220502e-01,-8.860691808878583542e-01
-8.426704032667436950e-01,1.100074194913492065e-01,5.270720625446938534e-01
8.591777522561259151e-01,-4.967664652757382004e-01,1.226240963496163933e-01
5.233669720811356951e-01,7.072297800835117831e-01,-4.753031145465501650e-01
4.945703927145072010e-01,3.169382296446415226e-01,8.092899883477731038e-01
3.486487176778115815e-01,-9.238065059951926505e-01,1.581948518206953702e-01
-1.120834387928311589e-02,-1.393530192792591937e-01,-9.901793317602818334e-01
8.986612178459917333e-01,-3.396325707896587498e-01,2.775927455795025312e-01
4.589162578854443786e-01,-8.884417273148154104e-01,8.195450828809576482e-03
7.508185373410782015e-02,-9.960936522547092498e-01,-4.647742653938998630e-02
-3.146067437675033052e-01,-8.562837608364127773e-01,4.096348589950051244e-01
3.147086150717106068e-01,4.674444881906419935e-02,9.480366259297411391e-01
6.683180228923062405e-01,5.585732093128686904e-01,4.912707910259279664e-01
3.232760689143912014e-01,-8.963070344293960767e-01,-3.035231182293023355e-01
-5.437260486934010206e-01,-3.436543838828753916e-01,-7.656785542316975057e-01
7.832808171630860627e-01,-4.624755778825710428e-01,-4.154365190092346172e-01
4.916922354294430142e-01,-7.032680828179788124e-01,5.134712740825153610e-01
-7.237919517929370938e-01,-6.657001532449444703e-01,-1.815723450568069719e-01
-8.861500918021213424e-01,-4.415762491695203185e-01,-1.405291107510106274e-01
2.253366677802498552e-01,-8.884933323571947428e-01,-3.997536547806668228e-01
-4.958305960433712078e-01,8.013819550660655766e-01,-3.345728353016213519e-01
3.700586354733458316e-01,-4.451239069732922382e-01,8.154270744538946181e-01
8.687384278448266883e-01,4.291377149732577556e-01,-2.472536462283818348e-01
-1.851567263110593387e-01,6.393226311749098389e-01,-7.463133122016258891e-01
-1.359915342238642300e-01,-6.179596486970765357e-01,7.743592029553374445e-01
-4.808804240623743564e-01,-7.826934063457323676e-01,3.951519320672814417e-01
-9.040337046785604791e-01,-4.249971232975269797e-01,4.583127746401982616e-02
2.041960713375131492e-02,5.337279347523599116e-01,-8.454096825264565407e-01
-4.478867960231170398e-01,-5.207052583341579277e-01,7.268173442422136699e-01
7.373587785711664955e-01,6.683558059151991637e-01,-9.799259341135026224e-02
-1.762198725274451427e-01,-9.092944110317114914e-01,-3.770016320825466116e-01
-8.932754610792796868e-01,4.287142296715293344e-01,-1.351408891148323244e-01
-3.551026036181361145e-01,6.797695463798928417e-01,6.417285288329446225e-01
-9.341462428241416038e-01,2.838331021426513945e-01,-2.163551874710171463e-01
-6.017971181730294994e-01,-7.118710876823362010e-01,3.620494207709827883e-01
-6.291444009356398359e-01,6.610982122607786948e-01,4.088110523419556386e-01
5.109199146367230382e-01,-7.154579742932931641e-01,4.765298813796898236e-01
1.920225642749270878e-01,6.356955721282436800e-01,7.476753803528817244e-01
-4.812799210426808028e-01,-8.615930086326101245e-01,1.613292443314534585e-01
-5.922623661708388276e-01,-6.187679232419879272e-01,-5.160925757889920362e-01
4.000531879620307651e-01,-8.976456082862428465e-01,1.849048639864219190e-01
2.729570027253506170e-01,-8.856295129760650975e-02,9.579410620286880063e-01
-2.910945402034570972e-01,4.569950420130907132e-01,8.404876562086984748e-01
3.784588137849590611e-02,1.169141857545570318e-01,-9.924206580034665715e-01
6.867160232883027238e-01,8.425155138681449107e-02,-7.220268550739745717e-01
6.059216053009000014e-01,4.107811147476958524e-01,-6.812619789744768228e-01
-7.345657156378564423e-01,3.664158763495616866e-01,5.710977280364776254e-01
4.893143571005134085e-01,-6.371068543008144847e-01,5.955386772815282059e-01
1.683885469064223261e-01,3.343891170204807972e-01,9.272697642482509162e-01
6.443700052639672604e-01,-7.591130151256431091e-01,9.238358394741737201e-02
6.896632253896914921e-01,5.130550713372068472e-01,-5.110177387530312476e-01
-1.335886628662561471e-01,-7.084529342233858440e-01,6.929996458468652420e-01
5.245703303367887926e-01,-3.687783232540786105e-01,-7.673516252854767350e-01
-4.852923243623896710e-01,-3.889288031786981570e-01,-7.830873169531828992e-01
-4.434685022500114981e-01,-7.763172388556960346e-01,4.479589625932266506e-01
-9.205307862100120531e-01,1.370179395846303216e-01,3.658540089592562383e-01
1.683335690072178259e-01,-8.922343415128547450e-01,4.190246882588362087e-01
8.922571199211387638e-01,-1.101246755905713748e-01,4.378924385920656692e-01
3.797080879830566080e-01,5.127295614011802005e-01,7.700195872739891145e-01
9.568555542982182249e-01,-2.524588098957408766e-01,1.438471324520441130e-01
1.127657346604149652e-01,-4.181638153255416435e-01,9.013450574773698154e-01
9.271350992680016390e-01,-1.237147427660154064e-01,-3.537162282503467647e-01
-7.932709799128876416e-01,4.830787100264675171e-01,-3.706158554989397724e-01
8.236871212223156880e-01,3.127788820885574750e-01,-4.729787492603936272e-01
1.541405753440641402e-01,2.199346306987118305e-02,-9.878041155081279667e-01
3.263601352020145674e-02,-9.974581688366189747e-01,6.334107705595479199e-02
-4.147397160596792420e-01,-4.520637662860482742e-01,-7.897020445294602453e-01
3.762763166265462034e-01,-5.982128061710517697e-01,-7.075009343307714360e-01
-9.199614069849905151e-01,-3.881435008976973910e-01,5.491477368683007898e-02
-5.609200700593769406e-01,7.495698050017610692e-01,-3.514452765854249039e-01
-1.855239513957529229e-01,-1.275433392247002362e-01,9.743272345972472381e-01
1.600142356640033292e-01,5.922068580216224287e-01,7.897382361878033663e-01
-9.771839937599882120e-01,-2.110348060643967294e-01,-2.399485296145415988e-02
1.087864114346252797e-02,4.493517197511556205e-01,-8.932886919263841596e-01
-9.354040026035659317e-01,3.747019697362921620e-02,-3.515897271707257854e-01
1.223622605663317181e-01,9.849458169568805488e-01,-1.221032958123580286e-01
-1.001357843625701703e-02,5.430763794665764976e-01,-8.396235908503141276e-01
-7.383469365532236983e-01,-2.149539022362486340e-01,6.392484815749498450e-01
-1.352044216944339391e-02,-2.577265776070580827e-01,-9.661232886327167924e-01
-3.162661633651917548e-01,9.282504052990020460e-01,-1.957725695098784524e-01
5.838905145724294643e-01,4.698734334948376223e-01,-6.620353642277095885e-01
-3.595673932600624845e-01,9.100828559261266992e-01,2.060594211714385782e-01
-8.708690768532718895e-02,-7.186815089546282342e-01,6.898643049154710161e-01
-2.147099364138090882e-01,8.958042058278550268e-01,-3.891458184617995197e-01
2.876509037878859781e-02,-8.694009792579440177e-01,4.932692032154735728e-01
2.438001322586958730e-01,-2.384202149350524991e-01,9.400623897491939829e-01
-7.684607351454399993e-01,-1.401942381497538470e-01,-6.243506019291884535e-01
7.409621045313895260e-02,9.969637706114055087e-01,2.393724471974224832e-02
-3.103940436584812779e-01,-9.016429551293649869e-01,-3.011569675882043162e-01
-5.170472951336222561e-02,1.299248853163796069e-01,-9.901748053356416168e-01
2.871098149130293931e-01,-3.263628493603618064e-01,9.005860562644703027e-01
-5.884303063548744772e-01,7.966390911704961386e-01,1.382603811008578099e-01
8.053689064230756811e-01,5.858911630254948211e-01,-9.006924922265178990e-02
1.987405564652447165e-01,6.961999140117779428e-01,-6.897882797974155267e-01
-2.779994824622498695e-01,3.705899455234278883e-01,-8.862163280078200200e-01
6.876508001990633279e-01,6.882949408489960064e-01,2.310550830154248780e-01
-2.802716111044025737e-01,8.512876321351456887e-01,4.435732085943414615e-01
-5.196441848930827279e-01,8.031741722068537204e-01,2.913437320531175878e-01
2.362879313909593548e-01,9.139806777783296976e-01,3.298595672810573642e-01
-4.689690567153738665e-01,5.865792905379350886e-02,8.812645863772199384e-01
-6.183484053624798138e-01,6.572300852472546806e-01,-4.309221097037894133e-01
3.480321472966145802e-01,-7.508028487701520204e-01,5.613988837954095867e-01
-7.544235177836883244e-01,4.990947959086812213e-01,4.263209360467259956e-01
-2.331196508250316379e-01,6.172618998842347438e-01,-7.514272921251397008e-01
4.089553382204630938e-01,5.152307796318523758e-01,7.531884060850513318e-01
3.255357063993513655e-01,5.173975346238273154e-01,-7.914077931283344247e-01
8.620906084641781764e-01,-1.978358366114018607e-01,4.665412785061253120e-01
3.477062369649051021e-01,4.114359277586746022e-01,-8.425086647180929367e-01
-5.168955043968249674e-01,2.657992982863867093e-01,8.137381461900482504e-01
-5.481223248084716726e-01,-8.339377850872943254e-01,-6.410684558028244273e-02
-3.608495711817276685e-01,-2.505584851745905062e-01,8.983362580264574460e-01
-6.335708611000572255e-01,6.971543022581632165e-01,3.355053543654192838e-01
2.113481033771207399e-02,-2.058964199564744524e-01,-9.783455340732619687e-01
3.655056200284712009e-01,-7.775570653532527521e-01,5.116743611388404611e-01
-5.498725925816708715e-01,-8.171330561053278263e-01,1.730135848639606788e-01
2.955599916071625227e-02,-7.921813877178055519e-01,-6.095695955894644413e-01
-8.988839298065879335e-01,-2.003446529341617877e-01,3.897046327363267726e-01
-9.842056489785420137e-01,1.634629826097516725e-01,6.796391568362432356e-02
-9.438204471128968098e-01,3.303731157139974117e-01,7.521171786201217950e-03
4.424229535351498210e-01,-6.331570775230503934e-01,-6.351173477143454704e-01
2.293093124240128122e-01,-2.835187436014470208e-01,-9.311467989862197703e-01
-8.978256105288140443e-01,1.914540029836909185e-01,-3.965533227954129991e-01
7.120757277747699066e-01,-3.044984118987741906e-01,-6.326364477843149370e-01
7.647730675400150890e-02,-8.641016910086665170e-01,4.974731039439392322e-01
-2.440836600163092396e-01,7.103988324695537093e-01,-6.601186754962609093e-01
-4.710481098155992474e-01,-8.292986676895562903e-01,-3.006283386633369914e-01
-7.778984617722524142e-01,1.661394003747518611e-01,-6.060294405517619998e-01
-3.774065296168618855e-01,-9.704817821954603296e-02,-9.209484038244617476e-01
-6.124978361932729154e-01,7.716948540689250180e-01,1.712701166639970796e-01
-7.221114584150688520e-01,3.133788052264764867e-01,-6.167242220478196257e-01
-6.444016896721299625e-01,1.460878610163311164e-01,-7.506029571027396097e-01
4.525230758463474334e-01,-3.250568374460457988e-01,8.303980480806394393e-01
-3.162886267543636998e-01,-8.977432247784150610e-01,-3.066245374236886145e-01
7.774413970253861716e-01,5.702996742161834387e-01,-2.652228417390383730e-01
1.922098929863491346e-01,-4.808983454464039742e-01,8.554485013050681097e-01
-9.028903556418522713e-01,3.782244303926992068e-01,2.042921583004297659e-01
-3.284012152349043753e-03,6.346537413339848888e-01,7.727896504709146352e-01
-8.275836640362357333e-01,4.339266467768675417e-01,3.561080513514719437e-01
-6.218405770755391221e-02,9.177918737379321401e-01,-3.921622361569752635e-01
-9.460105299142489432e-01,1.797972091074853118e-01,-2.696980550328851312e-01
-2.814112640755893069e-01,-3.561840644611629636e-01,8.910334520517760870e-01
6.004900936153652058e-01,-4.071003023030895229e-01,6.882448629191088019e-01
-3.714166711313163921e-02,3.712135224893475249e-01,-9.278044068041001458e-01
6.173698245785510519e-01,4.606869930224397613e-01,-6.376691886548945254e-01
4.465484726785081127e-01,8.476941242229781848e-01,2.863723682660909708e-01
-6.514110760185616300e-01,-4.104590556971083881e-01,6.381120384670529999e-01
3.555822783902882200e-01,6.011462163584728735e-01,7.156706434196273836e-01
1.842860041118905001e-01,9.544362948811870861e-01,2.347126492158954914e-01
4.914268460145505557e-01,-4.626513713465012501e-01,7.378708312485274812e-01
-9.308493206608769999e-01,-3.649684597709625944e-01,1.782037029904132500e-02
9.718385293884240772e-01,-2.199837729791408458e-01,8.448084056167370903e-02
9.182198715875891093e-01,3.811347952452082133e-01,1.077429128762730504e-01
-5.210674325692354891e-01,-8.534152815650795920e-02,8.492382199875468940e-01
5.098726467086887038e-01,8.308206433960461101e-01,-2.230850569743671186e-01
5.067316426454681055e-01,-2.399985610543694248e-01,-8.280239930301884765e-01
5.694888870046062035e-01,8.150254585053452461e-01,1.068452599154803562e-01
-9.315535516861953580e-01,-3.606621661980419224e-01,4.616039659893048097e-02
6.720017707410136376e-01,-3.364195102373218615e-01,6.597238310479792700e-01
8.675462916372153055e-01,4.122702592675213662e-01,2.782025614368178745e-01
-1.202355093073800424e-01,-2.186423172691654149e-01,-9.683692267935638531e-01
-1.931881271212176066e-01,-7.962392452483786631e-02,9.779255483842618224e-01
7.199634681456036356e-01,-6.816839226454536327e-01,1.302291601081022321e-01
-2.926522286795704697e-01,-2.227702085062380211e-01,9.299075799513454310e-01
-3.430303134558312927e-02,-9.850682173356174465e-01,1.687125046809886675e-01
4.408334444397002949e-01,-1.931648041261653792e-01,-8.765576037604886350e-01
-4.612269257865042049e-01,-4.072124167925254001e-01,-7.883195865507345301e-01
4.458047359711562740e-01,-3.166422994178297867e-01,8.372549143511056613e-01
-7.885865556794210418e-01,-5.387193527108991020e-01,-2.965007642762784168e-01
9.860920913073714100e-01,1.472488124689730338e-01,-7.707252874748506122e-02
-2.931798362283285497e-01,3.528724213332565252e-01,8.885531148398136958e-01
-4.119583974119789271e-01,-6.565019588299635389e-01,-6.318982962899765132e-01
8.490228509315163041e-01,-5.272420728823765668e-01,3.429278610459207677e-02
-7.719640215862872967e-01,6.317582442012433797e-01,7.037805240334758794e-02
-9.702649655980605248e-01,-2.127822211805964203e-01,1.153673388895064267e-01
-7.253698155129845171e-01,-3.003944559255691260e-01,6.193559570972416717e-01
-3.173854797772550085e-01,7.098724535880411857e-01,6.287666950972004010e-01
-8.031046847348364270e-01,4.272492492125404828e-01,-4.153082522708637647e-01
3.820894570294690595e-01,3.711660508902222544e-01,-8.463116503354320974e-01
7.563318421568382410e-01,-6.157666601590306987e-01,2.208926544189193930e-01
8.132515107276812316e-02,-6.112906211435529258e-01,7.872166133313757141e-01
-4.226018910593938860e-01,-6.528136493665366302e-01,6.286827346712877684e-01
7.287625803530000113e-01,7.554262903069901280e-02,-6.805868149445503112e-01
1.846110587993336494e-01,4.280628803369431190e-01,8.846925609762008591e-01
-4.910475606510812385e-01,-1.148957024014532480e-01,-8.635225942314996850e-01
-1.473002570869146599e-01,4.612662754465727266e-01,-8.749491741797208455e-01
4.234809406755353223e-01,-5.829583844602873599e-01,-6.934143168928772472e-01
-2.859028942515997040e-01,3.438657707986816914e-01,8.944360607285392062e-01
4.953778950692385719e-01,-3.299638512770166621e-01,8.035699085500956906e-01
9.194580099398715900e-01,-3.833615529720494908e-01,8.735495212218559458e-02
-2.130835364932967824e-01,-9.218772240535522133e-01,-3.236321835770144539e-01
8.959981542573406399e-01,1.025395875197645384e-01,-4.320566404520538306e-01
-5.534651842566871149e-01,4.179464076058288513e-01,-7.204145266338636278e-01
-2.621923538455568636e-02,-9.385075898949843953e-01,3.442616089623657949e-01
7.275362935968221478e-01,6.850907157497923006e-01,-3.662857754316653502e-02
6.055893761854364010e-01,1.313379815121977490e-01,7.848642188707775080e-01
4.204752138653240767e-03,9.962750146114316419e-01,8.613022303723734396e-02
-8.274128026574943950e-01,-3.591366807772584657e-01,4.317509681735104965e-01
2.604312705261541683e-01,9.342760637433832338e-01,2.435236950448616822e-01
-6.073593535134491628e-01,-5.871604952857635285e-01,5.351235076835088034e-01
8.352120843962796970e-01,4.693804196427888709e-01,-2.865358541864893027e-01
6.548948577527502479e-01,-7.350917589243056716e-01,-1.753648518106618870e-01
6.939300373985312076e-01,-5.394229753551071926e-02,-7.180190329877500499e-01
-1.080064716713147605e-01,-2.876574601972753942e-01,9.516237637165049223e-01
-6.461312252655880828e-01,5.747556966342085710e-02,-7.610591295219152341e-01
-5.043842247094625364e-01,5.257559669201271602e-01,-6.849651210916629651e-01
6.918614024792022477e-01,-5.627238145382142953e-01,-4.524043637179824828e-01
-1.524704348078719518e-01,3.201354197880300068e-01,9.350219673925529440e-01
4.162902000378965739e-01,-1.700245325567296129e-01,-8.931932196794115653e-01
-3.034594394577695420e-01,9.391707338873757083e-01,-1.608437167359187958e-01
-7.105781648635257630e-01,-2.474620833244247919e-01,-6.586662196711772221e-01
9.942954599280070527e-01,1.295054931102404029e-02,1.058717225660152222e-01
2.265880965658758350e-01,2.895677709217974183e-01,-9.299507194136874544e-01
4.703672804442286526e-01,-9.759555988516246949e-02,8.770574258155517944e-01
5.277393100544968130e-01,-7.598764637735623273e-01,-3.795773708036211946e-01
2.984382431371293554e-01,-7.529555132740053391e-01,-5.865088320421973922e-01
3.030577573623629561e-01,-9.294922207282971804e-01,2.102384534476830769e-01
9.148283853778563790e-01,-2.254554661375747227e-01,-3.350505306601277433e-01
3.119481153813214447e-01,9.424597654941193614e-01,1.202412730089435083e-01
-3.702856584798386863e-01,-6.120237031514109693e-01,-6.987957626552880885e-01
2.441792616545465366e-01,4.933303918630800866e-01,8.348662243988916876e-01
-7.947643517555672554e-01,5.751326997931328622e-01,-1.938349886042636250e-01
5.200736287541093961e-02,-2.284750209239290175e-01,-9.721596571657123986e-01
-4.940454538955707520e-02,4.137412689575724611e-01,-9.090529980458943449e-01
2.456835287088619812e-01,9.678232199655156798e-01,-5.438583102925702989e-02
5.798408905341473352e-01,-2.510329732295283889e-01,7.750915997584478800e-01
1.696671556822885452e-01,9.846013197152041485e-01,-4.211053903431364459e-02
2.411750733605494412e-01,8.634638691409439737e-01,4.430177543594437939e-01
2.667405016551007146e-01,3.557336727916123320e-01,-8.957137147654798959e-01
4.713531016431051213e-01,-8.679802475448857857e-01,1.563219224656073603e-01
1.084185397363692238e-01,-3.937143027802311734e-01,-9.128167768110475588e-01
7.761107739557334684e-01,-4.931618713198859250e-01,-3.929929200712157233e-01
9.621874559352000533e-01,-1.770636713920346328e-01,2.069873327383127959e-01
-6.409034800466617554e-01,7.646106524686406836e-01,-6.792112628304915189e-02
3.276185020269458126e-01,8.776583916407555419e-01,-3.498311945955968616e-01
2.181937373556377124e-01,1.282516629993547819e-01,9.674414731221102626e-01
-8.373979082248863559e-01,5.249550416244981310e-01,1.522726094003979402e-01
-3.576635932884906777e-01,-5.059346791326743142e-01,-7.849247444735597545e-01
-6.238017446509618313e-01,-3.606909920007477233e-01,-6.933782457359999318e-01
-6.644331463513681868e-01,-7.450931899515994550e-01,-5.800631273724389525e-02
-9.147262828927554823e-01,-1.931570260577334872e-02,4.036121046475789065e-01
4.978351841584044424e-01,-3.944052279273332351e-01,7.724018679402296916e-01
3.698927958818356565e-01,1.466907422188017396e-01,-9.174209206803689565e-01
1.521424793699587275e-01,8.078923433439615387e-01,5.693528146390111067e-01
-4.947437380932676598e-01,-6.114855778223259319e-01,-6.175062928689849517e-01
9.708027243297744358e-01,2.046650397500070218e-01,1.251171128903486307e-01
-5.190481147101626558e-01,7.907279957867968667e-01,3.245586099533039337e-01
-1.438815059752957849e-02,5.149881717190928770e-02,-9.985694031724970943e-01
6.707165061585815824e-01,-8.346103293262552292e-02,-7.370031372716431273e-01
-2.904809820567652578e-01,5.141056093975413521e-01,8.070416479025849243e-01
-8.131796294367906741e-01,3.719291707977646078e-01,-4.476690543009771983e-01
4.375230545774825841e-01,-7.938955439048507312e-01,4.222599224188943179e-01
-7.205623876060004429e-01,5.822375331652765995e-01,-3.765492006911624889e-01
9.347903350404208542e-03,5.245430665962635963e-01,8.513325953989656636e-01
9.859900676269532926e-01,1.636001343749649006e-01,3.253586595573509932e-02
-1.284629334561966096e-01,-4.662338542169097710e-01,8.752846782103945733e-01
-8.476490787542551031e-01,-5.299629153954136251e-01,-2.510672405265443677e-02
-2.079501992382135414e-02,9.662262817178529639e-01,2.568547053570566230e-01
8.350782119727748753e-01,-1.551801025019426961e-01,-5.277911667277503938e-01
4.894135878074012957e-02,-1.063651447578968789e-01,-9.931219458763996810e-01
-1.004390994995712078e-01,-5.072511051529722259e-01,-8.559254077387838944e-01
2.168285774426666757e-01,-9.359359049676002629e-01,-2.775055851630174319e-01
1.783977830399571807e-01,-1.951246973587136488e-02,-9.837649589872752287e-01
-2.618467259176530115e-01,-9.620516195885466804e-01,7.676570440802335527e-02
-9.061494424025981487e-02,-9.531640638468958926e-01,2.885605643035879520e-01
4.964313174048290422e-01,-6.528477678681235963e-01,-5.721413628547707964e-01
2.879795016401808794e-01,8.196344821050406404e-01,-4.952445076721951889e-01
6.510179388457597305e-02,3.639520844885186790e-01,-9.291397293354064502e-01
-8.620505295749012475e-01,-3.569461102752122944e-02,5.055638230760050034e-01
2.520481281025982456e-01,9.571204724208810521e-01,-1.428010587944142928e-01
2.183721730545335471e-01,-8.653275683210318592e-01,-4.511338975726061351e-01
9.627188940616687729e-02,2.564376065747142053e-01,-9.617543746947029293e-01
-9.730560045341878350e-01,1.436321147881657601e-01,1.803658161665947501e-01
4.237243524244612147e-01,-3.097414304284311012e-02,9.052614404829316674e-01
-2.690901865717713060e-01,-2.130966142687940323e-01,9.392445392324333397e-01
3.608894790039721689e-01,-8.051933808994148345e-01,4.705554200091750516e-01
7.330610117623728161e-01,4.022870417656466691e-01,-5.484402328981445862e-01
3.343956357436593807e-01,3.396029397021217977e-01,8.791185370251675124e-01
3.137170769624397781e-01,1.541967435510049056e-01,9.369124611725517804e-01
-7.775397050926668996e-01,5.983117029140038179e-01,1.935332352867416839e-01
-4.992591992449013083e-01,8.233015604760129946e-01,2.700273921051377646e-01
8.328446759304192204e-01,3.744334584555624734e-01,-4.076387260349065289e-01
7.763048225338454733e-01,-6.210635775912640710e-01,-1.078464422233509357e-01
4.196412402233632988e-01,1.302919688776638107e-01,8.982901715758551120e-01
-6.172313335345089857e-01,-6.692089253362603074e-01,4.137449639010716829e-01
7.445995229415365291e-01,5.033865217448050267e-01,4.383760487993192401e-01
9.742673602191441740e-01,-2.117441012158252089e-01,-7.724989586997878244e-02
-2.998432595970114134e-01,-9.476949042482145646e-01,1.094001285931898715e-01
6.055266002363213218e-01,-2.219182477455556579e-01,-7.642576971962955490e-01
-5.778201928921137265e-01,-6.299773248811774140e-01,5.188953601851492570e-01
-5.405781440451045139e-01,-8.404736027915342689e-01,3.714018297435726229e-02
4.039171775128858055e-01,8.782268073100252259e-01,2.560636417613086913e-01
-9.385089556975721725e-02,-5.518668433514514193e-01,-8.286344167424249951e-01
-9.911448559027373761e-01,1.307324137712208845e-01,2.325748496919522249e-02
-4.953387866978765930e-02,4.580683088726092977e-01,-8.875358129509561822e-01
6.292073092047860694e-01,5.129392641098561301e-01,5.839447519908983475e-01
4.871570404803604037e-01,2.596344038199623339e-01,-8.338273168129414215e-01
-5.454614816339468930e-02,-4.730227528250607189e-02,9.973902007106520973e-01
4.732072604932165416e-01,-1.932684983165444403e-01,8.594894857850053915e-01
8.081604009763480034e-01,4.767942226300387332e-01,-3.457514071704776981e-01
-5.261137921133356432e-01,3.068964272232911905e-01,7.931070928353275429e-01
2.358783231982423678e-01,6.811766828862093892e-02,9.693922838108972595e-01
8.360567583456314233e-01,-5.406848041501076674e-01,-9.310767629875668638e-02
-8.888747085464835385e-01,-2.112960319197814893e-02,4.576628588550239463e-01
-8.318951771092683023e-01,2.109258932798199482e-01,-5.132842115694280505e-01
-9.984594338970936844e-01,1.255301604942891253e-02,-5.404794769422818779e-02
-1.042213558268066803e-01,4.814684150980411692e-01,8.702448358092120806e-01
5.153195644943063813e-01,-7.700398265847335777e-01,3.761441371638697961e-01
-6.200664186359616803e-02,7.201778794664867034e-01,6.910130232433787656e-01
-7.491883743980722876e-01,3.356894348957506491e-01,-5.709898273753616360e-01
6.397285092368351078e-01,3.684995386907349846e-01,-6.745039098880983852e-01
9.342939109406124265e-01,-1.075395576415248966e-01,3.398972367077438550e-01
-2.157284627455533232e-01,2.592373308995966075e-01,9.414123626920848364e-01
-3.122762061414575685e-01,-6.188371223793016213e-02,9.479736163193314136e-01
-3.062618829424716971e-01,-9.519472765546793669e-01,2.042465679448072819e-04
-9.069918473174265472e-02,-5.212031684881933691e-01,-8.485993843073804666e-01
1.771335902251499617e-01,3.926985644294383321e-02,9.834030555112687200e-01
3.470318394740954382e-01,-8.384811895778274682e-01,4.201406872886472299e-01
1.363667530075071965e-01,-8.134016119909800446e-01,-5.654926403452698036e-01
1.763905747086550735e-01,8.091414176089753996e-01,-5.605145238650717232e-01
-5.970118710119189098e-02,9.388072228023116583e-01,-3.392296665578046766e-01
-3.932919465612396137e-01,8.131134415989185182e-01,4.291479649971943200e-01
7.885511919216190435e-01,4.654914847663363386e-02,-6.132048552442275202e-01
4.773180711320844094e-01,1.772871006727422261e-01,-8.606606432885144375e-01
7.703656090266318701e-01,5.718971659202369828e-01,2.819050550121932064e-01
9.426156423664673323e-01,-7.921338509754771717e-02,-3.243470215485872998e-01
-1.259990999142380219e-01,-1.400822833919365129e-01,9.820902100624480102e-01
3.001873881190283422e-01,-8.831751315308140615e-01,3.604014692808634179e-01
5.270371059002185721e-01,4.583472266145728891e-01,7.156463573994150673e-01
-2.055343385785800281e-01,-2.911442061902592138e-01,9.343397063525179513e-01
6.100229350531580774e-01,7.772450523906945241e-01,1.541497558976880067e-01
-4.693563149904043108e-01,8.824778348479616064e-01,-3.061895786408268261e-02
-2.455941719419778846e-01,-7.517358697691316205e-02,-9.664535345939598843e-01
-9.908401919388138968e-01,-1.276579905847977092e-01,4.403579769354062923e-02
-2.709469727019280239e-01,-7.736946216518114650e-01,5.726991971451689256e-01
6.089913733306004939e-01,-2.406013882870352838e-01,7.558045244395277251e-01
7.460600166462881822e-01,-4.816121717699808902e-01,-4.598305857212441339e-01
-7.551068818181914111e-01,6.469656916094135291e-02,-6.524016791590985243e-01
4.732265181607436810e-02,8.374288470450833577e-01,-5.444937949709224290e-01
3.768835265457720629e-01,-1.168365806131762136e-01,9.188623514156204486e-01
4.951018248069683492e-01,9.040912437683863712e-02,-8.641182634930378859e-01
-4.961604880952886210e-01,-8.433330278846411510e-01,-2.064320084966670410e-01
-4.332112615493841079e-01,-6.891007293835292868e-01,-5.809201215570681809e-01
1.580123707863003157e-01,9.433022163190276643e-01,-2.919126913412697366e-01
4.328747265347480666e-01,7.744850798759521371e-02,-8.981209271239383174e-01
1.717026337802645131e-01,-8.677758304153547764e-01,-4.663510627197731129e-01
1.589189612956656561e-01,-5.583442809957481767e-01,-8.142459257620191515e-01
-1.129917783588908486e-01,7.445185324238392521e-01,6.579703738776906397e-01
-6.450110519030788359e-01,5.285358764678362853e-01,-5.519153650780703746e-01
-9.427076934714760936e-01,-1.546820112580855715e-02,3.332610679686734967e-01
8.494888541337235199e-02,6.697422104981425317e-01,7.377188206519388336e-01
7.446174860771487269e-02,5.545593485753881335e-01,-8.288059947309277531e-01
3.839101627304162268e-01,9.104698337567556088e-01,-1.538104962973954326e-01
-6.781289743655791735e-01,7.061913676760842584e-01,2.035555117054542729e-01
-3.899801799399141289e-01,-3.997619986992177465e-01,8.295214304947393646e-01
2.291744599465421750e-01,9.723498944476389738e-01,4.488596301603017119e-02
-6.924256605787153518e-01,-3.985805335326256804e-01,6.013985890081362529e-01
3.678830489188644748e-01,2.904628641757994734e-01,-8.833421686147171492e-01
9.828840495213454487e-01,1.539453236786688939e-01,1.011918105085157366e-01
-7.008362525238978069e-01,-5.142436658964701923e-01,4.943500776106127814e-01
5.429065508419069763e-01,-2.861583640924691974e-01,7.895352225916622002e-01
-2.540523206641799245e-02,9.291931683602141501e-01,3.687202598940802489e-01
-8.646444620776394530e-02,9.582681901288931936e-01,2.724811467406141330e-01
-8.092453397410096505e-01,5.410028414807703800e-01,2.289932436059852472e-01
-5.757115258919343059e-01,-1.090716200128809266e-01,8.103453712232497885e-01
-3.262986576849989384e-01,9.447612746567796149e-01,-3.090824973796940656e-02
4.058652301033499055e-01,-8.969058206498723429e-01,-1.755943161880069159e-01
2.377443748694717807e-01,-1.999567765525168128e-01,9.505234872051563366e-01
5.854809377753907862e-01,-7.312660530290167049e-01,-3.499457546377900963e-01
9.715133124770695128e-01,1.124770641859097337e-01,-2.085924104850194472e-01
9.084086249954772541e-01,4.081180283770023398e-01,-9.073833229399159983e-02
-8.647127723403855715e-01,-4.603661971064778591e-01,2.008352207983552240e-01
3.354568466881656663e-01,8.442288990008844918e-01,4.180266380289497929e-01
1.165449234036776138e-01,-7.098243700072196516e-01,-6.946701696292165717e-01
-1.613485230710728913e-01,-3.166606122584811889e-01,-9.347153099991822867e-01
-7.558281468713171636e-01,-6.475914797647641663e-01,9.669068069443764735e-02
-6.312391119193017097e-01,-7.497728341023259802e-01,1.984386071950144659e-01
-7.449378486455274784e-01,-4.989199522405027287e-01,4.428842771105199194e-01
9.367926727320529112e-01,-2.428603115982897465e-01,-2.518697230036165413e-01
8.231054734514559046e-01,2.967613110553840930e-02,5.671126050590493684e-01
-4.370366312153102784e-01,7.823974081527602653e-01,-4.436815059159170960e-01
-9.660181801299507764e-01,-2.338792380459599474e-01,-1.100426175145767377e-01
5.049786653204390019e-01,4.689234787687380779e-01,7.246428904161089646e-01
-5.658364020446995934e-02,-1.596373320670244067e-01,9.855527453524411952e-01
6.847705591706082506e-01,-7.192289574433924360e-01,-1.174690940973972114e-01
7.259206558513221497e-01,3.840713205496776306e-01,-5.705509811924022179e-01
-3.987641356143450944e-01,-5.806899469620174781e-01,-7.097790850997187651e-01
-8.819061973325557080e-01,4.001765720438054674e-01,-2.491990575698480315e-01
6.949115520987177996e-01,4.683609987743350134e-01,5.456518208407798998e-01
-3.909880942537718451e-01,-8.640587173748135452e-01,3.170659916805899092e-01
7.385432486498348936e-01,8.539095326752314807e-02,6.687766854293081265e-01
9.818284874569437326e-01,-6.312649343452433892e-02,-1.789633120074357042e-01
-7.610078101076873658e-01,-4.912325493805450027e-01,4.237424871123882664e-01
-4.242769710487077628e-01,7.851497924662209638e-02,-9.021221923174467250e-01
-1.620578746200783127e-01,4.187945519520681059e-01,8.935034239044018500e-01
-2.383983989554705751e-01,5.797232884929989227e-01,-7.791579507098232993e-01
6.983627221061409207e-01,1.188032311948219594e-01,7.058153445697894490e-01
-8.170963711654832817e-01,-3.606172856168626817e-01,-4.497873870425058151e-01
7.384322556680008587e-01,9.796646922578314265e-02,6.671734217551698043e-01
-6.983606780444645556e-01,-1.733376887300520919e-01,-6.944396367050192920e-01
-3.818519884012375742e-01,-9.018686280011372070e-01,2.020446405658101463e-01
4.051457062440590867e-02,-9.519123454827600472e-01,3.036798578843035168e-01
3.183597805681445125e-01,-9.301912509839355137e-01,1.827328287679693686e-01
-2.049937163379231542e-01,-7.494057586046670716e-01,6.295781009788463667e-01
8.767920097914312372e-01,-3.869638410672253115e-01,2.854728660878327884e-01
6.015258304971633496e-01,-5.316766292541268424e-01,-5.962270013591027817e-01
-1.127835865029254842e-01,4.232727508080636469e-01,-8.989549716414675373e-01
-4.860184919777289503e-01,3.238947551152920878e-01,8.117131347123187624e-01
-1.925214699230109738e-01,-6.668552446504705244e-01,-7.198885790876561330e-01
-7.342866304392331456e-01,-6.182469801123817721e-01,-2.803458862550288200e-01
1.888637751123353192e-01,8.645714409608837858e-01,-4.656680125638201218e-01
-8.541193601034523519e-01,-2.043558801999185385e-03,-5.200730165696849649e-01
-5.746823100703715159e-01,-9.698204940904839311e-02,-8.126098230913790799e-01
-4.822421986562925311e-01,3.920922881758804324e-01,-7.833939618022004447e-01
-9.352448061123229683e-01,-5.566981928049637846e-02,-3.495969448682295644e-01
-7.835284299124795071e-02,-6.906488866762906520e-01,7.189332008802967744e-01
8.589635891690970970e-01,2.810143311187852655e-01,4.280332909805078523e-01
-9.978847397676655628e-01,2.169560772022704684e-02,-6.128088400527793161e-02
-4.121909580001374418e-01,6.667931929173223082e-01,-6.208747474507654296e-01
3.515046314118144277e-01,-1.375455355597447749e-01,-9.260268461246830007e-01
-7.136132007576199143e-01,-6.904557485234577019e-01,-1.184358857583996671e-01
5.134185027893175546e-01,-8.256390189558373560e-01,-2.339265939802862848e-01
6.535960062012591276e-01,3.640007039014699908e-01,6.635629195765823107e-01
-8.126576494492063762e-01,-2.344966414862584836e-01,5.334780875756341967e-01
-5.588379411439544642e-01,-5.785851362593379399e-01,5.940870269899432010e-01
3.591052214729357206e-01,7.592476550239620758e-01,-5.427581765864872843e-01
-5.542740232275394918e-01,-3.711837625194623902e-01,7.449851821459620993e-01
-2.004876329593894002e-01,-4.591813162968268885e-02,9.786195554034164967e-01
1.209219029318998606e-01,9.843277016484821562e-01,1.283622575321302084e-01
-9.559652122056631063e-01,-2.840666139047396399e-01,-7.373379087824742661e-02
-6.674833564022074617e-01,7.274244369336226868e-01,-1.591215179598460538e-01
-1.820070497449771327e-02,-6.078238475502452109e-01,-7.938632783342780552e-01
8.690528556844137054e-01,-4.917829568066108825e-01,-5.382060405934577241e-02
4.177344002431330194e-01,-3.737507157716029593e-01,8.281354800476333766e-01
-1.572534277156049654e-01,-3.547383835449638423e-01,9.216463740023063123e-01
-7.270668785881210239e-01,6.792393269143167656e-01,1.000384467747890277e-01
-4.976071703720003070e-01,-2.824500560151998463e-01,8.201274717087470023e-01
-6.724640217474248116e-01,4.169960176803182428e-01,-6.114789127141135872e-01
2.818839588338952762e-01,9.804552491369118716e-02,9.544257481839691915e-01
8.075834030354944737e-01,-4.750651246372357417e-02,-5.878368637769699756e-01
-9.352538275184822947e-01,-2.672278898202175013e-01,-2.321411919807917779e-01
9.729118182291790484e-01,-1.460954552009433860e-01,-1.791611339538295433e-01
-6.309382004390404752e-01,-1.624956582423141838e-01,-7.586251698165189516e-01
7.857892152906915950e-02,-7.629802169316873828e-01,6.416280399594485040e-01
-8.390226991096513265e-01,-3.623816747240065639e-01,-4.058576501718054175e-01
-8.328006790744626464e-01,1.124827221224086043e-01,5.420245992176431216e-01
8.915675803229654584e-01,-4.148927719399566061e-01,-1.815798378373317812e-01
5.102349444383741384e-01,8.489494878222980656e-01,1.376410861633501070e-01
-4.717971391071903997e-01,-8.806744827766567196e-01,-4.266046080785428074e-02
-7.107842078464382540e-01,-2.304791317727581113e-01,-6.645789491801457061e-01
-3.300014874190341230e-01,3.282285025072185225e-01,8.850791311759044211e-01
6.085074309213153176e-01,6.080542049290575957e-01,5.098909593056463185e-01
1.886096945827175630e-01,3.255346176605092290e-01,9.265277091453013592e-01
-8.961047910673400896e-01,2.257746711322988487e-01,3.821282524248383328e-01
3.772540634801970771e-01,-9.154634331022010185e-01,-1.400216920352395367e-01
-5.911699916090988882e-01,-5.596469802174949132e-02,8.046030037206126639e-01
7.433598146510615734e-02,9.313599979587210420e-01,-3.564305206655999370e-01
5.189276864851221499e-02,-2.598945721732322522e-01,-9.642416460187168692e-01
2.390405434578626032e-01,-1.418837368145280976e-02,9.709059216194146913e-01
2.308018812884104209e-01,4.248681182577713211e-01,-8.753385480383181205e-01
-4.734527883321871383e-02,1.937496959775034111e-01,9.799078935700180626e-01
1.963987796139672060e-01,-9.669388432367267416e-01,1.626554419814013608e-01
-5.843401077393456378e-01,8.061162440952323038e-01,-9.339828420782751717e-02
3.465826636122316673e-01,7.228042480852503449e-02,9.352304515321075984e-01
-9.949751906932116086e-01,5.175997834632255212e-02,8.570457716245639956e-02
-8.588120344427445652e-01,-8.402743125592714024e-02,5.053526296486886560e-01
-8.945748147887144786e-01,-4.292187653355253318e-01,-1.245277167123229195e-01
8.926212836542029017e-01,-4.333364497977690855e-01,-1.242850161692420491e-01
2.364158646143412756e-01,-8.739967121607580269e-01,4.245436209517683968e-01
-5.450769150801719753e-01,7.708699040542329461e-01,-3.296221286110819770e-01
-7.320184999585639396e-01,-1.992029678785998403e-01,-6.515113915402949152e-01
3.329388741325634560e-01,-3.582936692383020816e-01,8.722255170969808180e-01
-5.624210568745350303e-01,6.769998377757963093e-01,-4.747144135537456622e-01
-2.924314464099695421e-01,1.509649007762591255e-01,-9.442952122531318437e-01
-7.377410645106822207e-01,6.671932815555438046e-01,-1.029137832449582846e-01
-2.172546285443612279e-01,-1.583226980210865886e-01,-9.631896748135204689e-01
2.642090282577397309e-01,-9.590600845399968044e-01,-1.019673655109082921e-01
-3.681212402701417030e-02,4.700180406747177519e-01,-8.818888302756301423e-01
4.484684306851728919e-01,-8.913370238119336930e-01,-6.629009474169275662e-02
9.444162815343177808e-01,-5.516249873537143640e-03,-3.287057318639653447e-01
-4.736458109970501096e-01,5.524570633856620283e-01,-6.858941892451323463e-01
-7.906655403990527908e-01,-6.024756606472284615e-01,-1.089544930379629933e-01
9.426161146859010076e-01,3.307712300815152662e-01,-4.544506227102963064e-02
1.964197052511084951e-01,-9.301987265403999228e-01,-3.100800356870559438e-01
-8.225070736081950828e-01,-4.616181717120261263e-01,3.322510758594008906e-01
7.828163266851289048e-01,-3.690959284892028069e-01,-5.009658613597287591e-01
1.720573739961485105e-01,-8.165176305869664697e-01,5.510854915475417171e-01
-6.527005835003093503e-01,4.159506562577142130e-01,6.332195510698738206e-01
-5.376523862554303257e-01,3.616129078606163394e-01,7.616862979090741614e-01
-3.774038379635507590e-01,4.827279545063565824e-01,-7.902784730893857024e-01
-1.189961814672237522e-01,8.487127822720041959e-01,5.152926566567128663e-01
9.749411561391493342e-01,-2.060975751155392499e-01,8.374683037317742773e-02
2.366215051746163034e-01,-9.685556155196893835e-01,-7.687836453889092259e-02
3.820812955221660201e-01,8.457285508926705164e-01,-3.725011433768852243e-01
-8.253867663861615966e-01,4.966841450275623071e-01,2.684055624476426871e-01
-9.553954653236238492e-01,2.001736878136767817e-01,2.171405064609752689e-01
-5.162647883984138319e-01,-8.518190716893145886e-01,-8.874084384484591526e-02
-6.162721942845451606e-01,7.704719138117475108e-01,-1.630386843021460752e-01
-4.740577881691370732e-01,-4.801933528643100302e-01,-7.380267998800028595e-01
-6.990518992224367123e-01,3.580835107935383399e-01,-6.189528588602513093e-01
-3.505639203900772216e-01,-9.346953591770704728e-01,5.873264214716359538e-02
9.716995641676269280e-01,6.642698561760927538e-03,2.361267277380123264e-01
-5.379342682261745168e-01,6.455159432245152207e-01,-5.421585470237781923e-01
8.194046760073169233e-01,-1.320109926712731419e-01,5.578073814062424196e-01
-5.833803318929541015e-02,2.940690695664363030e-01,-9.540021258927755543e-01
-4.658511387449856822e-01,7.102983446439367077e-01,-5.276921243737521250e-01
-8.814745840648682274e-01,1.877223666961056192e-01,4.333161325056803514e-01
8.600713131010367940e-01,-4.400021674706461883e-01,-2.582158573786503264e-01
-8.871858150829889933e-01,5.681447172296868325e-02,4.579011305056720493e-01
-6.946753632689199875e-01,-7.192060449066148831e-01,1.299248386484172339e-02
-3.777898735410112896e-01,4.739655898733132790e-03,9.258792292258360979e-01
-5.968852019392008046e-01,3.270311469845504360e-01,-7.326518167642587231e-01
6.182388800070969248e-01,6.602813674158827251e-01,-4.263909040903459124e-01
-3.975505842847014693e-01,1.235115524748864879e-01,9.092295801062214577e-01
-4.632669852902551733e-01,-1.895532545488181064e-01,-8.657096880767994884e-01
-1.938721060032322363e-02,8.433193081673640012e-01,-5.370630135628940982e-01
-4.920137405308195877e-01,2.855151739528044019e-01,8.224375748782221107e-01
6.897230528107044512e-01,-3.687280603331996587e-01,-6.231546581262137341e-01
-7.159569363074897996e-01,6.775557268736784877e-01,1.682970657316234797e-01
6.900591385035012015e-01,7.157657748910292161e-01,-1.072275191471390443e-01
-1.436711939910498559e-01,-2.312901425558977764e-01,-9.622179888017365901e-01
1.679003636139551336e-01,5.346173708904282569e-03,9.857894736326696661e-01
-7.560696702667818458e-01,-5.811334627882349668e-01,-3.010690155602778750e-01
-1.785663270838670214e-01,-9.641157685158661117e-01,-1.964557246069412177e-01
-3.920459744469178553e-01,-6.311433086184065067e-01,-6.692967039409186691e-01
-2.172333619187607687e-02,-7.688453436908652128e-01,-6.390656727986332442e-01
7.334491561172041818e-01,-6.449283095429698687e-01,2.147552349560039875e-01
4.109130361206521087e-01,5.575736761425366395e-02,9.099679075125873817e-01
3.788856064685304781e-01,-6.025855298187793307e-01,7.023790831623580866e-01
5.206900603755046930e-01,4.068582120003442770e-01,7.505652911999302068e-01
5.492551811519899019e-01,1.160773033634071721e-01,8.275535061985865859e-01
8.516121932304532294e-01,4.226049815520572239e-01,3.100995032382388161e-01
-3.957201821711578416e-01,8.995571167390810086e-01,1.849392633988176937e-01
5.189766499740170458e-01,-8.513363304296360790e-01,-7.674431100966501440e-02
-1.895750714253038316e-01,9.818623362129005328e-01,-2.764963044271999317e-03
3.984227252706709077e-01,3.411891292816400800e-01,-8.513808255110799639e-01
-9.750406549869373996e-02,-4.723320397627553957e-01,-8.760110738025982391e-01
3.498827077666293861e-01,9.199199342249109179e-01,-1.770011452548467812e-01
-7.166011670871876849e-01,4.189481345219089881e-01,5.576425628571523019e-01
-5.968350181097359375e-01,-6.477067627329640143e-01,-4.735651071055967387e-01
-7.898896318606315470e-01,3.970589907149003062e-01,-4.673526798591622899e-01
7.442039858309233979e-01,4.760736993671635386e-01,-4.685234895330545046e-01
1.318913824629574516e-01,3.950483085154349872e-01,-9.091432764812726885e-01
-3.352431433419462148e-01,3.910578712233149790e-01,-8.571381313396929658e-01
8.465924446352831589e-01,2.558731552234456141e-01,4.667013618176547585e-01
-3.736169291101868462e-01,8.822278683240950548e-01,-2.865037148705002479e-01
-5.588693737906080816e-01,-2.684394837570867193e-02,-8.288211058331562686e-01
-3.119741189220379685e-01,-4.891759785245724385e-02,9.488304473103524872e-01
-1.516183753792883782e-01,2.841643483533928816e-01,-9.467114087050164661e-01
-1.927237178839456277e-01,6.619561044686032014e-01,-7.243422425357649574e-01
-9.653017203541923719e-01,-7.487832313266006012e-02,-2.501715919245776631e-01
6.543603584318197219e-01,-7.546402010513978409e-01,-4.827720238462773067e-02
-4.843490316461767087e-01,-5.696720197130065166e-01,-6.639878052340378867e-01
2.235406473246018821e-01,4.258492253636945168e-01,-8.767451261631509229e-01
-7.263409401120541897e-01,-5.448344048943064566e-01,4.190278152588493010e-01
-6.148646944932091296e-01,-1.059792376681944169e-02,-7.885614062821013626e-01
-3.657318385359883961e-01,9.059206893287846674e-01,-2.134196029589253141e-01
-4.798497267270168676e-01,5.313427724954703502e-01,6.981540645708754766e-01
-5.130173120226887429e-01,4.165143236123882153e-01,7.505525003560575836e-01
3.102964748685470009e-01,7.568843083572127650e-01,-5.751888745853631635e-01
5.745385392846935613e-01,-6.287783339023778062e-01,5.239687716759089398e-01
-5.729003285899495479e-01,-8.158849021529904766e-01,-7.821150772317941868e-02
3.714360822286510433e-01,-6.717217637223887872e-01,6.409564017624864718e-01
2.034468996347647135e-02,6.823421445454030954e-01,-7.307498144833634024e-01
-2.971252241616826328e-01,-7.814847936984554710e-01,-5.486329541551002720e-01
1.566868070457444195e-01,-3.006677931269402179e-02,-9.871905759677669367e-01
-2.913897786448562677e-01,-9.565958076485127082e-01,4.056807931276162037e-03
-6.245751558107540125e-02,9.847500126775035056e-01,1.623775578061714409e-01
3.475103552737807688e-01,-9.009652467050655034e-01,2.598041131452141217e-01
9.909577104845532225e-02,-8.572474313726298478e-02,9.913784830095730971e-01
-5.159192553644029733e-01,-6.928601415168165190e-01,5.037580235009037066e-01
5.436444438675782642e-01,-5.015778937321534459e-01,6.729564140203496692e-01
-9.300087902654339267e-01,2.422851673242473469e-01,-2.763721182096441353e-01
-9.000725424848904366e-01,1.692539487256730646e-01,4.015252409320643201e-01
9.579497628578605983e-01,-2.416712871272278795e-01,1.546843263515654265e-01
7.435200907428956008e-01,-5.147070920485625756e-01,-4.269127358800495764e-01
-1.731854274819100703e-01,-1.618041676854333616e-02,-9.847563159589809434e-01
-4.125141034019835229e-01,5.835569791193314648e-01,-6.994950797650957286e-01
-7.715897229585998440e-01,3.635842097846568866e-01,-5.219730087082452563e-01
1.237381434461397312e-01,-6.821561274277798681e-01,-7.206607313217758826e-01
-6.515300918714905798e-01,-7.153331090444334794e-01,2.526006383419324708e-01
7.471532821850754846e-01,5.111259668632077702e-01,4.248672956562081771e-01
-8.578134465096820538e-01,-3.885999412222569394e-01,-3.363720806922588236e-01
9.653342317644729720e-01,1.707552597948373274e-01,1.974144428254735184e-01
-1.299132127566036687e-01,-1.182771779596565320e-01,9.844455629059216673e-01
3.441509999110070606e-01,-6.032874453053282959e-01,7.194472514348948522e-01
-1.664621892572591688e-02,9.988756010673862651e-01,-4.438960450088317439e-02
8.051527403931831861e-01,-6.401273656427845793e-02,-5.896027766173590479e-01
-3.096726971619337965e-01,-1.753264793662192012e-01,-9.345391625103252053e-01
-8.455133413788060714e-01,2.547616354438640429e-01,-4.692586692394870584e-01
-7.878749397818970435e-01,-5.772379142220460668e-01,-2.145914016177114247e-01
1.024548289068056145e-01,-9.795746293456623066e-01,-1.730218297671877736e-01
6.982281114996475857e-01,4.501995573131540862e-01,5.565948822138735430e-01
8.142754833008343240e-01,5.566887354029782520e-01,-1.644782331210592474e-01
-1.746140692307461550e-01,9.779013243566719860e-01,-1.149735910900723523e-01
6.261412433123797472e-01,-6.852082862582223877e-01,3.720708909150209354e-01
1.961109600822133481e-02,-1.824641745578853558e-01,-9.830169021518733175e-01
3.642319980720278710e-02,-9.453783540268966279e-01,3.239338177054078005e-01
2.551589551668083100e-01,5.860463098743293880e-02,9.651214456352161797e-01
6.878852070211133318e-02,9.763114604998510693e-01,-2.051440262748658594e-01
-8.521673788797391458e-01,5.012627929262174209e-02,5.208628557475691867e-01
-5.315216590287034082e-01,5.598958526910685629e-01,-6.356110132169801030e-01
-8.683201855759121734e-01,1.226927955942924281e-01,4.805897764525067228e-01
-5.252977644802681034e-01,-8.358233548523610335e-01,-1.595668452886651323e-01
-6.209957777687874492e-01,6.848896314406630603e-01,3.811698266369092369e-01
-2.425154588425313118e-01,6.313013506195261915e-01,7.366443218598501819e-01
4.337476396992174799e-01,-8.479867295150742557e-01,-3.046005443555314107e-01
-6.916986063139943797e-01,-1.691221849022368426e-02,-7.219882373619508353e-01
3.724172311199895335e-01,1.983603796865580915e-01,-9.066193058475674471e-01
-3.132844718139221052e-01,6.046667277480900493e-01,7.322779445502157758e-01
2.542959561224536480e-02,1.028218550023037997e-01,9.943746787810332499e-01
-6.251302195669853345e-01,-7.775241590582038231e-01,6.832562231671034103e-02
-9.203452773744421611e-01,-3.377326305291258879e-01,1.972339744831960173e-01
-5.454360599057592740e-01,3.476335605525440742e-01,7.626600895104198585e-01
-7.104606805123312441e-01,-7.021041066598284752e-01,4.791080105111195780e-02
7.723257194485649846e-02,5.347145718349970434e-01,-8.414959634472993777e-01
-1.849091978994152063e-01,4.797383871387212069e-03,9.827439003322204769e-01
-5.725397952923403366e-01,-4.285937696538511532e-01,6.989317301571781327e-01
-4.906043864364968976e-01,8.159961290820416657e-01,3.057084449804947091e-01
-4.397461222688430760e-01,-8.977370684493853892e-01,-2.629646138588444954e-02
5.464037145024673858e-01,-1.078318245694213223e-01,-8.305511895048586224e-01
-9.837568345406224601e-01,-6.892087394031862213e-02,-1.657480124463556193e-01
9.828133702409910244e-01,-1.777569066222616512e-01,-4.980322704031495129e-02
8.599579054137659329e-01,5.099850980336494422e-01,1.968757730086578492e-02
9.304480204072277383e-01,-3.420802828886851388e-01,1.313299713662819390e-01
1.533356372549257995e-01,-5.982519266479913167e-01,7.865003589379931936e-01
1.547714445822724327e-01,1.935853853722346585e-01,-9.687984818899129102e-01
3.683033480275070271e-01,8.357351290307651892e-01,-4.073075471135533254e-01
